top isoform	localization score	spectrum
R.LVLPSQAQAR[+146]LPSGEVVK.I	0.9999815299951044	02330a_GD1_3990_04_PTM_TrainKit_Rmod_Dimethyl_symm_200fmol_survey_R1.50094.50094.2
R.GGGDR[+146]GGFGPGK.M	0.993877602568598	02330a_GD1_3990_04_PTM_TrainKit_Rmod_Dimethyl_symm_200fmol_survey_R1.32519.32519.2
R.VTR[+146]YPILGIPQAHR.G	0.9999999999678724	02330a_GD1_3990_04_PTM_TrainKit_Rmod_Dimethyl_symm_200fmol_survey_R1.49620.49620.3
R.VTPHPSPR[+146]GSPLPTPK.G	1.0	02330a_GD1_3990_04_PTM_TrainKit_Rmod_Dimethyl_symm_200fmol_survey_R1.35144.35144.3
R.GR[+146]GTSQLAEGATAK.A	0.9235005505300802	02330a_GD1_3990_04_PTM_TrainKit_Rmod_Dimethyl_symm_200fmol_survey_R1.29413.29413.2
R.GGNFGGR[+146]GGYGGGGGGSR.G	0.9351801589317853	02330a_GD1_3990_04_PTM_TrainKit_Rmod_Dimethyl_symm_200fmol_survey_R1.31777.31777.2
R.GRGVGSPEPGPTAPYLGR.S		02330a_GD1_3990_04_PTM_TrainKit_Rmod_Dimethyl_symm_200fmol_survey_R1.41619.41619.2
R.GGFQNR[+146]GGGSGGGGNYR.G	0.9873950803224175	02330a_GD1_3990_04_PTM_TrainKit_Rmod_Dimethyl_symm_200fmol_survey_R1.29916.29916.2
R.R[+146]GWGAAAVAAGLR.R	0.9239802986408311	02330a_GD1_3990_04_PTM_TrainKit_Rmod_Dimethyl_symm_200fmol_survey_R1.50321.50321.2
R.GRGTGEAEEEYVGPR.L		02330a_GD1_3990_04_PTM_TrainKit_Rmod_Dimethyl_symm_200fmol_survey_R1.32993.32993.2
K.YSSNLGNFNYEQR[+146]GAFR.G	0.926674872499075	02330a_GD1_3990_04_PTM_TrainKit_Rmod_Dimethyl_symm_200fmol_survey_R1.47830.47830.2
K.YGRGQLNYPLPDFSK.V		02330a_GD1_3990_04_PTM_TrainKit_Rmod_Dimethyl_symm_200fmol_survey_R1.52572.52572.2
R.FGPGVAFR[+146]APSIHGGSGGR.G	0.9999999773184917	02330a_GD1_3990_04_PTM_TrainKit_Rmod_Dimethyl_symm_200fmol_survey_R1.44720.44720.3
R.MSGR[+146]GVGSVSQFK.K	0.9240628618374683	02330a_GD1_3990_04_PTM_TrainKit_Rmod_Dimethyl_symm_200fmol_survey_R1.40068.40068.2
R.AAYQAAIR[+146]GVGSAQSR.L	0.924104458212883	02330a_GD1_3990_04_PTM_TrainKit_Rmod_Dimethyl_symm_200fmol_survey_R1.38881.38881.2
K.GIGR[+146]GTVQALHATGAR.V	0.9744846315964325	02330a_GD1_3990_04_PTM_TrainKit_Rmod_Dimethyl_symm_200fmol_survey_R1.36756.36756.3
R.APPIDR[+146]SILPTAPR.A	0.9999999949794848	02330a_GD1_3990_04_PTM_TrainKit_Rmod_Dimethyl_symm_200fmol_survey_R1.52205.52205.2
-.PLPVALQTR[+146]LAK.-	1.0	02330a_GD1_3990_04_PTM_TrainKit_Rmod_Dimethyl_symm_200fmol_survey_R1.54600.54600.2
K.R[+146]GGSGSHNWGTVK.D	0.938497520137418	02330a_GD1_3990_04_PTM_TrainKit_Rmod_Dimethyl_symm_200fmol_survey_R1.24732.24732.3
R.SGATAGAAGGR[+146]GK.G	0.9171656270240356	02330a_GD1_3990_04_PTM_TrainKit_Rmod_Dimethyl_symm_200fmol_survey_R1.18003.18003.2
R.GRGAANDSTQFTVAGR.M		02330a_GD1_3990_04_PTM_TrainKit_Rmod_Dimethyl_symm_200fmol_survey_R1.34658.34658.2
R.VEPIHAVVLPR[+146]GK.S	0.8905004592638508	02330a_GD1_3990_04_PTM_TrainKit_Rmod_Dimethyl_symm_200fmol_survey_R1.43686.43686.2
R.SGGYGGSR[+146]DYYSSR.S	0.9929532221627798	02330a_GD1_3990_04_PTM_TrainKit_Rmod_Dimethyl_symm_200fmol_survey_R1.32484.32484.2
K.GFGR[+146]GGAESHTFK.-	0.9264279185217672	02330a_GD1_3990_04_PTM_TrainKit_Rmod_Dimethyl_symm_200fmol_survey_R1.32841.32841.3
R.SR[+146]GAIISQYYNR.T	0.9795411823957326	02330a_GD1_3990_04_PTM_TrainKit_Rmod_Dimethyl_symm_200fmol_survey_R1.43839.43839.2
R.GSYLGGYSAGRGIYSR.Y		02330a_GD1_3990_04_PTM_TrainKit_Rmod_Dimethyl_symm_200fmol_survey_R1.44339.44339.2
K.RGFGFGGFAISAGK.K		02330a_GD1_3990_04_PTM_TrainKit_Rmod_Dimethyl_symm_200fmol_survey_R1.57705.57705.2
R.LLALSGPGGGRGR.G		02330a_GD1_3990_04_PTM_TrainKit_Rmod_Dimethyl_symm_200fmol_survey_R1.43722.43722.2
R.GGGGGGGGGAPR[+146]GR.Y	0.929894078089627	02330a_GD1_3990_04_PTM_TrainKit_Rmod_Dimethyl_symm_200fmol_survey_R1.16969.16969.2
K.SYR[+146]SFSNLWK.H	1.0	02330a_GD1_3990_04_PTM_TrainKit_Rmod_Dimethyl_symm_200fmol_survey_R1.54356.54356.2
R.DFAFYNPR[+146]LQGK.S	0.9990602974713284	02330a_GD1_3990_04_PTM_TrainKit_Rmod_Dimethyl_symm_200fmol_survey_R1.55069.55069.2
R.R[+146]GGFAVQAK.K	0.8857859730278909	02330a_GD1_3990_04_PTM_TrainKit_Rmod_Dimethyl_symm_200fmol_survey_R1.35304.35304.2
R.GPPR[+146]GGPGGELPR.G	0.9717952925578882	02330a_GD1_3990_04_PTM_TrainKit_Rmod_Dimethyl_symm_200fmol_survey_R1.35000.35000.2
R.SGRGGNFGFGDSR.G		02330a_GD1_3990_04_PTM_TrainKit_Rmod_Dimethyl_symm_200fmol_survey_R1.41623.41623.2
R.GGSAGGR[+146]GFFR.G	0.9354377755815333	02330a_GD1_3990_04_PTM_TrainKit_Rmod_Dimethyl_symm_200fmol_survey_R1.44755.44755.2
K.STNVTVAAARGIK.R		02330a_GD1_3990_04_PTM_TrainKit_Rmod_Dimethyl_symm_200fmol_survey_R1.40516.40516.2
R.DNNNSNNR[+146]GSYNR.A	0.9227148761422886	02330a_GD1_3990_04_PTM_TrainKit_Rmod_Dimethyl_symm_200fmol_survey_R1.20845.20845.2
R.GGGGGR[+146]GGLHDFR.S	0.9434022078243672	02330a_GD1_3990_04_PTM_TrainKit_Rmod_Dimethyl_symm_200fmol_survey_R1.31900.31900.3
R.TQAEGQGQGRGLGLVSAVR.A		02330a_GD1_3990_04_PTM_TrainKit_Rmod_Dimethyl_symm_200fmol_survey_R1.47445.47445.2
K.GEGGFGGR[+146]GGGR.G	0.9246587725664981	02330a_GD1_3990_04_PTM_TrainKit_Rmod_Dimethyl_symm_200fmol_survey_R1.31481.31481.2
K.FGRGTGLTQPSQR.T		02330a_GD1_3990_04_PTM_TrainKit_Rmod_Dimethyl_symm_200fmol_survey_R1.38244.38244.2
R.SFDEVEGVFGRGGGR.E		02330a_GD1_3990_04_PTM_TrainKit_Rmod_Dimethyl_symm_200fmol_survey_R1.51726.51726.2
R.GLATFPSR[+146]GAK.A	0.8897177742490476	02330a_GD1_3990_04_PTM_TrainKit_Rmod_Dimethyl_symm_200fmol_survey_R1.43624.43624.2
R.VEPGSLESSPGLGRGR.K		02330a_GD1_3990_04_PTM_TrainKit_Rmod_Dimethyl_symm_200fmol_survey_R1.39989.39989.2
R.R[+146]GATPPAPPR.A	0.9005936140777339	02330a_GD1_3990_04_PTM_TrainKit_Rmod_Dimethyl_symm_200fmol_survey_R1.27670.27670.2
R.AFSSR[+146]SYTSGPGSR.I	0.9999876854929864	02330a_GD1_3990_04_PTM_TrainKit_Rmod_Dimethyl_symm_200fmol_survey_R1.34236.34236.2
K.AQVLAGGR[+146]GK.G	0.9004198887820223	02330a_GD1_3990_04_PTM_TrainKit_Rmod_Dimethyl_symm_200fmol_survey_R1.31163.31163.2
R.VLATQPGPGRGR.K		02330a_GD1_3990_04_PTM_TrainKit_Rmod_Dimethyl_symm_200fmol_survey_R1.30541.30541.2
R.GAPGGRGAQLSVPSPAR.R		02330a_GD1_3990_04_PTM_TrainKit_Rmod_Dimethyl_symm_200fmol_survey_R1.39451.39451.2
R.LGILPVGRGK.T		02330a_GD1_3990_04_PTM_TrainKit_Rmod_Dimethyl_symm_200fmol_survey_R1.52013.52013.2
R.AR[+146]GWAGVER.S	0.9852068072828915	02330a_GD1_3990_04_PTM_TrainKit_Rmod_Dimethyl_symm_200fmol_survey_R1.39425.39425.2
K.YSR[+146]GAGLGFSTAPNK.I	0.9108628814743095	02330a_GD1_3990_04_PTM_TrainKit_Rmod_Dimethyl_symm_200fmol_survey_R1.43605.43605.2
R.LGTTPSVYGGAGGRGIR.I		02330a_GD1_3990_04_PTM_TrainKit_Rmod_Dimethyl_symm_200fmol_survey_R1.40991.40991.2
K.ANAIGR[+146]GAK.S	0.9100517347212351	02330a_GD1_3990_04_PTM_TrainKit_Rmod_Dimethyl_symm_200fmol_survey_R1.27099.27099.2
K.SHLR[+146]HAIPSAER.G	1.0	02330a_GD1_3990_04_PTM_TrainKit_Rmod_Dimethyl_symm_200fmol_survey_R1.24279.24279.3
K.LR[+146]QQLQAK.N	1.0	02330a_GD1_3990_04_PTM_TrainKit_Rmod_Dimethyl_symm_200fmol_survey_R1.29751.29751.2
R.AVPSSPAGSAARGR.V		02330a_GD1_3990_04_PTM_TrainKit_Rmod_Dimethyl_symm_200fmol_survey_R1.27421.27421.2
K.GRGAAAAGGPQR.I		02330a_GD1_3990_04_PTM_TrainKit_Rmod_Dimethyl_symm_200fmol_survey_R1.19849.19849.2
R.MTEDALR[+146]LNLLK.R	1.0	02330a_GD1_3990_04_PTM_TrainKit_Rmod_Dimethyl_symm_200fmol_survey_R1.57658.57658.2
R.FSHSVQNSER[+146]GK.K	0.8824884219519754	02330a_GD1_3990_04_PTM_TrainKit_Rmod_Dimethyl_symm_200fmol_survey_R1.19257.19257.3
R.LLR[+146]GVGGSHGR.F	0.9974614417994364	02330a_GD1_3990_04_PTM_TrainKit_Rmod_Dimethyl_symm_200fmol_survey_R1.31342.31342.3
R.R[+146]GVGAGAIAK.K	0.8801997547923676	02330a_GD1_3990_04_PTM_TrainKit_Rmod_Dimethyl_symm_200fmol_survey_R1.32394.32394.2
R.GNDTFGPR[+146]AQGWAR.D	0.9886817886525641	02330a_GD1_3990_04_PTM_TrainKit_Rmod_Dimethyl_symm_200fmol_survey_R1.45239.45239.2
R.GSGLGARGSSYGVTSTESYK.E		02330a_GD1_3990_04_PTM_TrainKit_Rmod_Dimethyl_symm_200fmol_survey_R1.38520.38520.2
K.MEGSDFESSGGRGLK.K		02330a_GD1_3990_04_PTM_TrainKit_Rmod_Dimethyl_symm_200fmol_survey_R1.38735.38735.2
K.FR[+146]VTQPNTFGLFLYK.E	1.0	02330a_GD1_3990_04_PTM_TrainKit_Rmod_Dimethyl_symm_200fmol_survey_R1.61520.61520.2
R.WGRQGSSYHR.T		02330a_GD1_3990_04_PTM_TrainKit_Rmod_Dimethyl_symm_200fmol_survey_R1.29264.29264.3
R.YR[+146]GDYDR.F	0.9688101406223224	02330a_GD1_3990_04_PTM_TrainKit_Rmod_Dimethyl_symm_200fmol_survey_R1.26659.26659.2
R.QKFLETFGK.Q		02330a_GC1_3990_03_PTM_TrainKit_Rmod_Dimethyl_asymm_200fmol_2xIT_2xHCD_R1.5003.5003.3
K.AQPQDSR[+146]GGSK.K	0.8347960468280271	02330a_GD1_3990_04_PTM_TrainKit_Rmod_Dimethyl_symm_200fmol_survey_R1.16356.16356.2
R.GGGFGAHGRGR.S		02330a_GD1_3990_04_PTM_TrainKit_Rmod_Dimethyl_symm_200fmol_survey_R1.23211.23211.3
R.TAR[+146]GGGLSLLPPPPGGK.V	0.924329807720712	02330a_GD1_3990_04_PTM_TrainKit_Rmod_Dimethyl_symm_200fmol_survey_R1.50609.50609.2
R.AVSILPLLGHGVPR[+146]LPPGR.K	0.8528121402672219	02330a_GD1_3990_04_PTM_TrainKit_Rmod_Dimethyl_symm_200fmol_survey_R1.60113.60113.3
R.YSSSSIPEPFGSRGSPR.K		02330a_GD1_3990_04_PTM_TrainKit_Rmod_Dimethyl_symm_200fmol_survey_R1.46780.46780.2
K.FSWDRVFQSR.G		02330a_GC1_3990_03_PTM_TrainKit_Rmod_Dimethyl_asymm_200fmol_survey_R1.19585.19585.2
R.HSPTLPEPGGLRLELPLSR.R		02330a_GD1_3990_04_PTM_TrainKit_Rmod_Dimethyl_symm_200fmol_survey_R1.56775.56775.3
