top isoform	localization score	spectrum
KG[+57]DTFS[+43]CMVGHEALPLAFTQK	0.003480420739027132	01CPTAC_COprospective_W_VU_20150901_01CO006_f05.20768.20768.3
QAFTDVATGSLGQGLGAACGM[+100]AYTGK	0.04446362725757986	01CPTAC_COprospective_W_VU_20150901_01CO006_f05.21313.21313.2
M[+43]S[+57]VQPTVSLGGFEITPPVVLR	0.03171070958538492	01CPTAC_COprospective_W_VU_20150901_01CO006_f06.30921.30921.2
TTGIVLDSGDGVTHNVPIYEGYALPH[+57]AIM[+43]R	0.9530866356721804	01CPTAC_COprospective_W_VU_20150901_01CO006_f05.24592.24592.3
IPTPLNTSGVQVIC[+57]M[+43]K	0.035719617804240086	01CPTAC_COprospective_W_VU_20150901_01CO006_f06.19317.19317.2
LVRPEVDVMCTAFHDNEETFLKK		01CPTAC_COprospective_W_VU_20150901_01CO006_f02.18817.18817.5
L[+43]NEDMAC[+57]SVAGITSDANVLTNELR	0.01724012711032124	01CPTAC_COprospective_W_VU_20150901_01CO006_f06.27014.27014.3
TT[+57]GIVM[+43]DSGDGVTHTVPIYEGYALPHAILR	0.0583728840357235	01CPTAC_COprospective_W_VU_20150901_01CO006_f01.26014.26014.4
M[+100]DATANDVPSPYEVR	0.9935223436164067	01CPTAC_COprospective_W_VU_20150901_01CO006_f04.12603.12603.2
M[+43]A[+57]VTFIGNSTAIQELFK	0.8053704733349402	01CPTAC_COprospective_W_VU_20150901_01CO006_f06.30759.30759.2
VIHDNFGIVEGLM[+43]TTVH[+57]AITATQK	0.9557425536176751	01CPTAC_COprospective_W_VU_20150901_01CO006_f01.31706.31706.4
LVRPEVDVMCTAFHDNEETFLK		01CPTAC_COprospective_W_VU_20150901_01CO006_f02.20575.20575.4
EHINLGC[+57]DM[+43]DFDIAGPSIR	0.9177281542021316	01CPTAC_COprospective_W_VU_20150901_01CO006_f05.21087.21087.3
LVTSPC[+43]C[+57]IVTSTYGWTANMER	0.6693032140393168	01CPTAC_COprospective_W_VU_20150901_01CO006_f04.25679.25679.2
HTA[+57]M[+43]VSWGGVSIPNSPFR	0.8903120308392819	01CPTAC_COprospective_W_VU_20150901_01CO006_f04.23537.23537.3
FSMLVAAIQSAGLTETLNR		01CPTAC_COprospective_W_VU_20150901_01CO006_f05.31263.31263.3
KYEDICPSTHNMDVPNIK		01CPTAC_COprospective_W_VU_20150901_01CO006_f01.11209.11209.3
M[+100]FLGDNAHLSIINEYLSQSYQK	0.9983561964675515	01CPTAC_COprospective_W_VU_20150901_01CO006_f06.28810.28810.3
M[+43]Y[+57]SYVTEELPQLINANFPVDPQR	0.8814737699485821	01CPTAC_COprospective_W_VU_20150901_01CO006_f02.30993.30993.3
SHC[+57]IAEVENDEMPA[+43]DLPSLAADFVESK	0.06924130650314862	01CPTAC_COprospective_W_VU_20150901_01CO006_f06.28783.28783.3
QVIPGLEQSLLDM[+100]CVGEK	0.9256872703709407	01CPTAC_COprospective_W_VU_20150901_01CO006_f04.25054.25054.2
SPLIIFSDCDMNNAVK		01CPTAC_COprospective_W_VU_20150901_01CO006_f01.20920.20920.2
FDTGNLC[+57]M[+43]VTGGANLGR	0.9302466594982168	01CPTAC_COprospective_W_VU_20150901_01CO006_f05.17971.17971.2
NMDPLNDNVTSLLNASSDK		01CPTAC_COprospective_W_VU_20150901_01CO006_f02.22339.22339.2
AVTDSINQLITM[+43]C[+57]TQQAPGQK	0.051876495514993806	01CPTAC_COprospective_W_VU_20150901_01CO006_f03.21739.21739.3
IQDVGLVPMGGVMSGAVPAAAAQEAVEEDIPIAK		01CPTAC_COprospective_W_VU_20150901_01CO006_f01.26464.26464.3
L[+43]G[+57]EHNIEVLEGNEQFINAAK	0.262578450354334	01CPTAC_COprospective_W_VU_20150901_01CO006_f05.23839.23839.3
LTTPTYGDLNHLVSATM[+43]SGVT[+57]TCLR	0.07329208718853938	01CPTAC_COprospective_W_VU_20150901_01CO006_f04.27391.27391.3
IM[+100]DPNIVGSEHYDVAR	0.9225015731046987	01CPTAC_COprospective_W_VU_20150901_01CO006_f03.13254.13254.3
AEGSDVANAVLDGADC[+57]IM[+43]LSGETAK	0.9339822342711024	01CPTAC_COprospective_W_VU_20150901_01CO006_f04.25140.25140.3
VVVVDDLLATGGTMNAACELLGR		01CPTAC_COprospective_W_VU_20150901_01CO006_f02.29056.29056.2
M[+43]S[+57]ATFIGNSTAIQELFK	0.8439510622994608	01CPTAC_COprospective_W_VU_20150901_01CO006_f04.28721.28721.2
A[+43]E[+57]AGVPAEFSIWTR	0.9881091563070589	01CPTAC_COprospective_W_VU_20150901_01CO006_f05.27108.27108.2
FFESFGDLSTPDAVM[+43]GNPK[+57]	0.236949646420058	01CPTAC_COprospective_W_VU_20150901_01CO006_f02.22609.22609.2
TLETANC[+57]M[+43]SSQTK	0.9071203001058737	01CPTAC_COprospective_W_VU_20150901_01CO006_f02.4328.4328.2
EMEENFAVEAANYQDTIGR		01CPTAC_COprospective_W_VU_20150901_01CO006_f02.18961.18961.3
DFLTGM[+43]C[+57]LFLQSLR	0.6717295584652431	01CPTAC_COprospective_W_VU_20150901_01CO006_f04.32029.32029.2
AVC[+57]M[+43]LSNTTAVAEAWAR	0.9375285763875737	01CPTAC_COprospective_W_VU_20150901_01CO006_f02.20370.20370.2
NMITGTSQADCAVLIVAAGVGEFEAGISK		01CPTAC_COprospective_W_VU_20150901_01CO006_f06.36344.36344.3
M[+100]YLGYEYVTAIR	0.9053576888074644	01CPTAC_COprospective_W_VU_20150901_01CO006_f05.21967.21967.2
ALNIPEQLPQWDM[+43]C[+57]NFLVNLQYR	0.9978239654116571	01CPTAC_COprospective_W_VU_20150901_01CO006_f01.32854.32854.3
VFADYEAYM[+43]QC[+57]QAQVDQLYR	0.04294190217829941	01CPTAC_COprospective_W_VU_20150901_01CO006_f05.22711.22711.3
GWAPTFLGYSM[+43]QGLC[+57]K	0.925694060225042	01CPTAC_COprospective_W_VU_20150901_01CO006_f06.25507.25507.2
MEDSASASLSSAAATGTSTSTPAAPTAR		01CPTAC_COprospective_W_VU_20150901_01CO006_f06.12238.12238.3
F[+57]VDGLM[+43]IHSGDPVNYYVDTAVR	0.9955491534349264	01CPTAC_COprospective_W_VU_20150901_01CO006_f02.24775.24775.3
NMAEQIIQEIYSQIQSK		01CPTAC_COprospective_W_VU_20150901_01CO006_f05.34748.34748.3
IIPGFM[+43]C[+57]QGGDFTR	0.9258061872258113	01CPTAC_COprospective_W_VU_20150901_01CO006_f06.17732.17732.2
M[+100]VVESAYEVIK	0.9992024015678512	01CPTAC_COprospective_W_VU_20150901_01CO006_f03.15274.15274.2
SHFEQWGTLTDC[+57]VVM[+43]R	0.9173546715635639	01CPTAC_COprospective_W_VU_20150901_01CO006_f06.21797.21797.3
GISC[+57]M[+43]NTTLSESPFK	0.7652816874144759	01CPTAC_COprospective_W_VU_20150901_01CO006_f01.15738.15738.2
M[+100]AYLQIPGIAK	0.9762797653830789	01CPTAC_COprospective_W_VU_20150901_01CO006_f02.20300.20300.2
LESDVSAQM[+43]EYC[+57]R	0.9307131090505959	01CPTAC_COprospective_W_VU_20150901_01CO006_f02.8544.8544.2
VVSGM[+43]VNC[+57]NDDQGVLLGR	0.9993568165394066	01CPTAC_COprospective_W_VU_20150901_01CO006_f05.14282.14282.2
M[+100]EDYQAAEETAFVVDEVSNIVK	0.025291621158823385	01CPTAC_COprospective_W_VU_20150901_01CO006_f04.34221.34221.2
VEDMA[+43]ELTC[+57]LNEASVLHNLR	0.739450138002688	01CPTAC_COprospective_W_VU_20150901_01CO006_f01.23133.23133.3
M[+43]A[+57]PYQGPDAVPGALDYK	0.6777753213391242	01CPTAC_COprospective_W_VU_20150901_01CO006_f03.16761.16761.2
M[+100]LSQPYLLDPSITLGQYVQPQGVSVVDFVR	0.8219960912982047	01CPTAC_COprospective_W_VU_20150901_01CO006_f01.34818.34818.3
EKLCYVA[+57]LDFEQEM[+43]ATAASSSSLEK	0.8987743755734908	01CPTAC_COprospective_W_VU_20150901_01CO006_f05.25632.25632.3
WQQGNIFSC[+57]SVM[+43]HEALHNR	0.9400962162712367	01CPTAC_COprospective_W_VU_20150901_01CO006_f01.16453.16453.4
A[+57]VCM[+43]LSNTTAIAEAWAR	0.003532733285432685	01CPTAC_COprospective_W_VU_20150901_01CO006_f04.23127.23127.2
M[+100]FIGGLSWDTTK	0.9928222361188185	01CPTAC_COprospective_W_VU_20150901_01CO006_f03.21278.21278.2
TTGFGM[+100]IYDSLDYAK	0.7656457003345168	01CPTAC_COprospective_W_VU_20150901_01CO006_f03.23690.23690.2
DTAQQGVVNFPY[+43]DDFIQCVM[+57]SV	0.18230465654099415	01CPTAC_COprospective_W_VU_20150901_01CO006_f01.34429.34429.3
M[+43]VNDPPVPA[+57]LLWAQEVGQVLAGR	0.9803482412715101	01CPTAC_COprospective_W_VU_20150901_01CO006_f05.37113.37113.3
TQGNVFATDAILATLMSCTR		01CPTAC_COprospective_W_VU_20150901_01CO006_f02.30605.30605.2
YAQTPANM[+43]FYIVAC[+57]DNR	0.7332944514399566	01CPTAC_COprospective_W_VU_20150901_01CO006_f05.20554.20554.2
AVFVDLE[+57]PT[+43]VIDEIR	0.9962601798354005	01CPTAC_COprospective_W_VU_20150901_01CO006_f01.26448.26448.2
IGAFGYM[+43]EC[+57]SAK	0.9188460672252815	01CPTAC_COprospective_W_VU_20150901_01CO006_f02.11772.11772.2
VGVNDFC[+57]PM[+43]GFGVK	0.9911951470051203	01CPTAC_COprospective_W_VU_20150901_01CO006_f05.19967.19967.2
T[+57]DM[+43]FQTVDLFEGK	0.9173593781507391	01CPTAC_COprospective_W_VU_20150901_01CO006_f01.22683.22683.2
FQMPDQGMTSADDFFQGTK		01CPTAC_COprospective_W_VU_20150901_01CO006_f06.14399.14399.3
C[+100]IESLIAVFQK	0.9995902815896737	01CPTAC_COprospective_W_VU_20150901_01CO006_f03.34111.34111.2
DFLAGGVAAAISKTAVAPIER		01CPTAC_COprospective_W_VU_20150901_01CO006_f02.30380.30380.3
VETGVLKPGMVVTFAPVNVTTEVK		01CPTAC_COprospective_W_VU_20150901_01CO006_f03.23755.23755.3
VAPEEHPILLTEAPLNPK		01CPTAC_COprospective_W_VU_20150901_01CO006_f05.16542.16542.2
M[+43]T[+57]DQEAIQDLWQWR	0.8410637842058669	01CPTAC_COprospective_W_VU_20150901_01CO006_f06.28241.28241.3
IAVYSC[+57]PFDGM[+43]ITETK	0.6117160991326343	01CPTAC_COprospective_W_VU_20150901_01CO006_f04.19032.19032.2
I[+57]LYM[+43]TDEVNDPSLTIK	0.9877039110433434	01CPTAC_COprospective_W_VU_20150901_01CO006_f03.19341.19341.2
EMSCIAEDVIIVTSSLTK		01CPTAC_COprospective_W_VU_20150901_01CO006_f05.33861.33861.3
AVDLLYAMCDR		01CPTAC_COprospective_W_VU_20150901_01CO006_f03.15905.15905.2
L[+57]CYVALDFENEM[+43]ATAASSSSLEK	0.9174563608397159	01CPTAC_COprospective_W_VU_20150901_01CO006_f03.23927.23927.3
A[+57]MGIM[+43]NSFVNDIFER	0.6955541467119631	01CPTAC_COprospective_W_VU_20150901_01CO006_f05.24256.24256.2
LAMQEFMILPVGAANFR		01CPTAC_COprospective_W_VU_20150901_01CO006_f04.25122.25122.3
TGTLTTNQM[+43]SVC[+57]R	0.5309304260357927	01CPTAC_COprospective_W_VU_20150901_01CO006_f04.6943.6943.2
N[+57]M[+43]VPQQALVIR	0.022411326984719628	01CPTAC_COprospective_W_VU_20150901_01CO006_f05.14432.14432.2
VGVTVAQTTMEPHLLEACVR		01CPTAC_COprospective_W_VU_20150901_01CO006_f01.18182.18182.3
TGQATVASGIPAGWM[+43]GLDC[+57]GPESSK	0.9196617809614042	01CPTAC_COprospective_W_VU_20150901_01CO006_f03.20511.20511.3
VLSVC[+57]PSNKPAIVEAGGM[+43]QALGK	0.6136047002297773	01CPTAC_COprospective_W_VU_20150901_01CO006_f04.15956.15956.3
AAAALGSSSGSASPAVAELCQNTPETFLEASK		01CPTAC_COprospective_W_VU_20150901_01CO006_f01.28478.28478.3
GISLANWM[+43]C[+57]LAK	0.9070237244369622	01CPTAC_COprospective_W_VU_20150901_01CO006_f05.23904.23904.2
L[+43]HFFM[+57]PGFAPLTSR	0.5080752294760639	01CPTAC_COprospective_W_VU_20150901_01CO006_f05.27085.27085.3
VFIMDNCEELIPEYLNFIR		01CPTAC_COprospective_W_VU_20150901_01CO006_f04.33190.33190.2
A[+57]VM[+43]DDFAAFVEK	0.9998865681668059	01CPTAC_COprospective_W_VU_20150901_01CO006_f03.20826.20826.2
WQQGNVFSCSVMHEALHNHYTQK		01CPTAC_COprospective_W_VU_20150901_01CO006_f05.15100.15100.4
SNGLGPVMSGNTAYPVISCPPLTPDWGVQDVWSSLR		01CPTAC_COprospective_W_VU_20150901_01CO006_f06.33877.33877.4
CSALLQVIFSPLEEEVK		01CPTAC_COprospective_W_VU_20150901_01CO006_f06.36047.36047.3
FMCAQLPNQVLESISIIDTPGILSGAK		01CPTAC_COprospective_W_VU_20150901_01CO006_f02.34300.34300.3
V[+57]VIGM[+43]DVAASEFFR	0.9995226205766831	01CPTAC_COprospective_W_VU_20150901_01CO006_f01.24818.24818.2
M[+100]LSSFLSEDVFK	0.9989834923600499	01CPTAC_COprospective_W_VU_20150901_01CO006_f02.25798.25798.2
N[+57]M[+43]SVIAHVDHGK	0.006433283783873773	01CPTAC_COprospective_W_VU_20150901_01CO006_f06.6229.6229.3
KAQPHYSNPLVA[+43]A[+57]K	0.0001850815086229475	01CPTAC_COprospective_W_VU_20150901_01CO006_f01.13812.13812.2
HTNYTM[+43]EH[+57]IR	0.9591425584192056	01CPTAC_COprospective_W_VU_20150901_01CO006_f02.4023.4023.3
VLPGSSVLFLC[+57]DM[+43]QEK	0.07098509671045541	01CPTAC_COprospective_W_VU_20150901_01CO006_f06.23855.23855.2
IPSAVGYQPTLATDMGTMQER		01CPTAC_COprospective_W_VU_20150901_01CO006_f06.13702.13702.3
QM[+100]QLENVSVALEFLDR	0.5731783912514774	01CPTAC_COprospective_W_VU_20150901_01CO006_f04.30082.30082.2
A[+57]TSNVFAM[+43]FDQSQIQEFK	0.7444435358736725	01CPTAC_COprospective_W_VU_20150901_01CO006_f06.26032.26032.3
D[+57]FM[+43]IQGGDFTR	0.9720321478835081	01CPTAC_COprospective_W_VU_20150901_01CO006_f05.16648.16648.2
G[+43]ILLFG[+57]PPGTGK	0.8573203770581664	01CPTAC_COprospective_W_VU_20150901_01CO006_f03.23553.23553.2
YPIEHGIITNWDDM[+43]E[+57]K	0.9147728506887678	01CPTAC_COprospective_W_VU_20150901_01CO006_f03.16581.16581.3
VEDMA[+43]E[+57]LTCLNEASVLHNLK	0.8560583293152872	01CPTAC_COprospective_W_VU_20150901_01CO006_f01.22732.22732.3
IGYNPDTVAFVPISGWNGDNMLEPSANMPWFK		01CPTAC_COprospective_W_VU_20150901_01CO006_f06.30920.30920.4
A[+57]APLQGM[+43]LPGLLAPLR	0.8946467861610964	01CPTAC_COprospective_W_VU_20150901_01CO006_f05.28514.28514.3
I[+57]M[+43]FVDPSLTVR	0.04477418775999071	01CPTAC_COprospective_W_VU_20150901_01CO006_f06.20791.20791.2
LYAYEPADTALLLDNM[+43]K[+57]K	0.028530152630345695	01CPTAC_COprospective_W_VU_20150901_01CO006_f03.20735.20735.3
QM[+57]EQIS[+43]QFLQAAER	0.6609608600287539	01CPTAC_COprospective_W_VU_20150901_01CO006_f01.22152.22152.3
QGNM[+100]TAALQAALK	0.18665628937731282	01CPTAC_COprospective_W_VU_20150901_01CO006_f05.14502.14502.2
L[+57]VQAAQM[+43]LQSDPYSVPAR	0.9977285172609104	01CPTAC_COprospective_W_VU_20150901_01CO006_f03.16730.16730.2
AIGAVPLIQGEYM[+43]IPC[+57]EK	0.901634670719279	01CPTAC_COprospective_W_VU_20150901_01CO006_f06.23910.23910.3
YVTSAPM[+43]PE[+57]PQAPGR	0.637309406552039	01CPTAC_COprospective_W_VU_20150901_01CO006_f02.9588.9588.2
D[+57]GETGAA[+43]GPPGPAGPAGER	0.7534396862351701	01CPTAC_COprospective_W_VU_20150901_01CO006_f04.6315.6315.3
Y[+43]IC[+57]ENQDSISSK	0.9698224914488741	01CPTAC_COprospective_W_VU_20150901_01CO006_f04.12389.12389.2
FEPGQSYAGVVQY[+57]SHSQMQEHVS[+43]LR	0.30615457798874623	01CPTAC_COprospective_W_VU_20150901_01CO006_f01.16285.16285.4
M[+100]FLSFPTTK	0.9988498483561663	01CPTAC_COprospective_W_VU_20150901_01CO006_f03.18385.18385.2
ISETSLPPDMYECLR		01CPTAC_COprospective_W_VU_20150901_01CO006_f03.16205.16205.2
ITVVGVGQVGM[+43]AC[+57]AISILGK	0.9348591171165588	01CPTAC_COprospective_W_VU_20150901_01CO006_f01.29123.29123.3
LLVSM[+43]C[+57]QGNR	0.9170175971190837	01CPTAC_COprospective_W_VU_20150901_01CO006_f04.7871.7871.2
AEPSA[+43]ATQSHSISSSSFGAEPSAPGGGGSPGAC[+57]PALGTK	0.8579647749129228	01CPTAC_COprospective_W_VU_20150901_01CO006_f04.16971.16971.3
M[+100]VNHFIAEFK	0.9999997997580212	01CPTAC_COprospective_W_VU_20150901_01CO006_f05.15725.15725.3
G[+43]M[+57]SLNLEPDNVGVVVFGNDK	0.8410268006409982	01CPTAC_COprospective_W_VU_20150901_01CO006_f03.25077.25077.2
M[+43]RPGVAC[+57]SVSQAQK	0.8952100553988199	01CPTAC_COprospective_W_VU_20150901_01CO006_f03.5012.5012.3
QM[+100]EQVAQFLK	0.20194143255773475	01CPTAC_COprospective_W_VU_20150901_01CO006_f04.15116.15116.2
N[+57]INADEAAAM[+43]GAVYQAAALSK	0.9118190642230124	01CPTAC_COprospective_W_VU_20150901_01CO006_f05.24246.24246.3
RG[+57]TPQTQPDVS[+43]PLSNGDSAPPK	0.8515046762347395	01CPTAC_COprospective_W_VU_20150901_01CO006_f01.26505.26505.3
KQQHPGGGADPWPHGAPMGGAPPGLGSWK		01CPTAC_COprospective_W_VU_20150901_01CO006_f02.33587.33587.4
VLSEC[+57]SPLM[+43]NDIFNK	0.8453772457294499	01CPTAC_COprospective_W_VU_20150901_01CO006_f05.20786.20786.2
GGMGSGGLATGIAGGLAGMGGIQNEK		01CPTAC_COprospective_W_VU_20150901_01CO006_f02.15598.15598.3
VFIMDSCDELIPEYLNFIR		01CPTAC_COprospective_W_VU_20150901_01CO006_f05.33418.33418.2
V[+43]M[+57]QEQGTHPK	0.7593729718408571	01CPTAC_COprospective_W_VU_20150901_01CO006_f05.1613.1613.3
V[+57]QNM[+43]ALYADVGGK	0.981029612494816	01CPTAC_COprospective_W_VU_20150901_01CO006_f01.11456.11456.2
GIGPVYSSKAAR		01CPTAC_COprospective_W_VU_20150901_01CO006_f06.36382.36382.2
LGDVGM[+43]AELC[+57]PGLLHPSSR	0.5304136905093585	01CPTAC_COprospective_W_VU_20150901_01CO006_f04.18508.18508.3
LTDC[+57]VVM[+43]RDPASK	0.9245417697506374	01CPTAC_COprospective_W_VU_20150901_01CO006_f03.7478.7478.3
DLM[+43]AC[+57]AQTGSGK	0.4398669544156358	01CPTAC_COprospective_W_VU_20150901_01CO006_f04.5782.5782.2
SYLSGHERIHTGEKPYECNVCG[+57]K[+43]	0.4126213336457006	01CPTAC_COprospective_W_VU_20150901_01CO006_f01.5924.5924.4
A[+57]FM[+43]TADLPNELIELLEK	0.8305600966147889	01CPTAC_COprospective_W_VU_20150901_01CO006_f06.35844.35844.3
L[+57]EQQVPVNQVFGQDEM[+43]IDVIGVTK	0.9022168796247878	01CPTAC_COprospective_W_VU_20150901_01CO006_f02.25678.25678.3
L[+43]MC[+57]PQEIVDYIADKK	0.8136827764743351	01CPTAC_COprospective_W_VU_20150901_01CO006_f06.24843.24843.3
NAQMAQSPILLLGGAASTLLQNR		01CPTAC_COprospective_W_VU_20150901_01CO006_f06.34200.34200.3
SNMDNMFESYINNLR		01CPTAC_COprospective_W_VU_20150901_01CO006_f03.19545.19545.3
EWRIPCVNAQWLGDILLGNFEALR		01CPTAC_COprospective_W_VU_20150901_01CO006_f03.22486.22486.4
M[+100]PIIPFLL	1.0	01CPTAC_COprospective_W_VU_20150901_01CO006_f04.34983.34983.2
MDVLAEANGTFALNLLK		01CPTAC_COprospective_W_VU_20150901_01CO006_f01.29936.29936.2
ISIPVDISDSDMMLNIINSSITTK		01CPTAC_COprospective_W_VU_20150901_01CO006_f02.25473.25473.3
SLLPVPYTEAASLSTGSTVTIK		01CPTAC_COprospective_W_VU_20150901_01CO006_f05.29889.29889.2
