top isoform	localization score	spectrum
TGIEQGSDAGYLC[+57]ESQK[+42]FGELVMTK	0.3954554115427922	20160929_QE1_nlc1_BTW_SA_hs_HELA_S_Exp3_0-1pct_SCX_01a.31846.31846.3
GVMGGQSAGPQHTEAETIQKLCDR		20160929_QE1_nlc1_BTW_SA_hs_HELA_S_Exp3_0-1pct_SCX_03a.22904.22904.3
VPTANVSVVDLTCRLEKPAK		20160929_QE1_nlc1_BTW_SA_hs_HELA_S_Exp3_0-1pct_SCX_03a.29451.29451.3
LALVTGGEIASTFDHPELVK[+42]LGSC[+57]K	0.9547604876721014	20160929_QE1_nlc1_BTW_SA_hs_HELA_S_Exp3_0-1pct_SCX_03a.32446.32446.3
LQGATCNNNKLSLSNAISTALPLTQLR		20160929_QE1_nlc1_BTW_SA_hs_HELA_S_Exp3_0-1pct_SCX_03a.33525.33525.3
AAAHHYGAQC[+57]DK[+42]PNK	0.9261797395412471	20160929_QE1_nlc1_BTW_SA_hs_HELA_S_Exp3_0-1pct_SCX_05a.3533.3533.3
YDDMAAC[+57]MK[+42]SVTEQGAELSNEER	0.8765317346623711	20160929_QE1_nlc1_BTW_SA_hs_HELA_S_Exp3_0-1pct_SCX_01a.30162.30162.3
EVAYLGNEVSDEEC[+57]LK[+42]R	0.9293085998064982	20160929_QE1_nlc1_BTW_SA_hs_HELA_S_Exp3_0-1pct_SCX_01a.23554.23554.2
GVQGFQDYIEKHCPSAVVPVELQK		20160929_QE1_nlc1_BTW_SA_hs_HELA_S_Exp3_0-1pct_SCX_03a.31372.31372.3
TPPGVPAPSDPLLCK[+99]FADGGPK	0.41652458662870323	20160929_QE1_nlc1_BTW_SA_hs_HELA_S_Exp3_0-1pct_SCX_01a.31379.31379.3
VQYPQSQACKMSHVR		20160929_QE1_nlc1_BTW_SA_hs_HELA_S_Exp3_0-01pct_SCX_05a.14207.14207.3
VVVLMGSTSDLGHC[+99]EKIK	0.08071474144814997	20160929_QE1_nlc1_BTW_SA_hs_HELA_S_Exp3_1-0pct_SCX_03a.24268.24268.3
GTEAGQVGEPGIPTGEAGPSC[+57]SSASDK[+42]LPR	0.9999995416427083	20160929_QE1_nlc1_BTW_SA_hs_HELA_S_Exp3_0-01pct_SCX_01a.21221.21221.3
LAEQAERYDDMAAC[+57]MK[+42]	0.9474913367946297	20160929_QE1_nlc1_BTW_SA_hs_HELA_S_Exp3_1-0pct_SCX_02a.23227.23227.2
AGFAGDQIPK[+42]YC[+57]FPNYVGRPK	0.9361632738475154	20160929_QE1_nlc1_BTW_SA_hs_HELA_S_Exp3_0-1pct_SCX_05a.32145.32145.3
TVFAEHISDEC[+57]K[+42]R	0.9387671642624015	20160929_QE1_nlc1_BTW_SA_hs_HELA_S_Exp3_0-1pct_SCX_03a.14042.14042.2
VAC[+57]EK[+42]TVSTLHHVLQR	0.9832044436449106	20160929_QE1_nlc1_BTW_SA_hs_HELA_S_Exp3_0-01pct_SCX_05b.33223.33223.3
NESSNASEEEAC[+57]EK[+42]K	0.9251289855690706	20160929_QE1_nlc1_BTW_SA_hs_HELA_S_Exp3_0-1pct_SCX_01a.5825.5825.2
STLTDSLVC[+57]K[+42]AGIIASAR	0.936612979227271	20160929_QE1_nlc1_BTW_SA_hs_HELA_S_Exp3_0-1pct_SCX_03b.52017.52017.2
LEGDLTGPSVGVEVPDVELECPD[+57]AK[+42]LK	0.9280530015180405	20160929_QE1_nlc1_BTW_SA_hs_HELA_S_Exp3_0-1pct_SCX_01b.52948.52948.3
LSTSGNRPPANAETFSCNK[+99]IK	0.9219330200548662	20160929_QE1_nlc1_BTW_SA_hs_HELA_S_Exp3_0-01pct_SCX_05b.25949.25949.3
LSEVITDTGVVC[+57]HK[+42]LATR	0.9611155718698035	20160929_QE1_nlc1_BTW_SA_hs_HELA_S_Exp3_0-1pct_SCX_03a.25777.25777.3
TSPSGKPATLK[+42]IC[+57]SWNVDGLR	0.8016477975299932	20160929_QE1_nlc1_BTW_SA_hs_HELA_S_Exp3_0-1pct_SCX_05a.31601.31601.3
YFTLGLPTGSTPLGCYKK		20160929_QE1_nlc1_BTW_SA_hs_HELA_S_Exp3_0-1pct_SCX_03a.31914.31914.2
LAEQAERYDDMATC[+57]MK[+42]	0.9931211234341079	20160929_QE1_nlc1_BTW_SA_hs_HELA_S_Exp3_1-0pct_SCX_01a.21956.21956.2
DDQFLLDGQLLPDNFIAAC[+57]TEK[+42]K	0.00647215403055214	20160929_QE1_nlc1_BTW_SA_hs_HELA_S_Exp3_1-0pct_SCX_01b.43017.43017.3
VNQK[+42]IGSCTQQD[+57]VELHVQK	0.4510394789449557	20160929_QE1_nlc1_BTW_SA_hs_HELA_S_Exp3_0-1pct_SCX_04a.17463.17463.3
TYDPSGDSTLPTC[+57]SK[+42]K	0.937995472663161	20160929_QE1_nlc1_BTW_SA_hs_HELA_S_Exp3_0-1pct_SCX_01a.14216.14216.2
SDQLQQAVQSQGFINYC[+57]QK[+42]K	0.0348659818228156	20160929_QE1_nlc1_BTW_SA_hs_HELA_S_Exp3_0-1pct_SCX_01a.25523.25523.3
SVSGTDVQEEC[+57]REK[+42]	0.017155354101556775	20160929_QE1_nlc1_BTW_SA_hs_HELA_S_Exp3_1-0pct_SCX_01a.9446.9446.2
SLIANLAAANC[+57]YK[+42]K	0.9183002413720911	20160929_QE1_nlc1_BTW_SA_hs_HELA_S_Exp3_0-01pct_SCX_05a.27365.27365.2
QNFIDPLQNLC[+57]EK[+42]DLK	0.9306266867573826	20160929_QE1_nlc1_BTW_SA_hs_HELA_S_Exp3_0-01pct_SCX_01a.30698.30698.2
APQC[+57]LGK[+42]FIEIAAR	0.9990987100395639	20160929_QE1_nlc1_BTW_SA_hs_HELA_S_Exp3_0-1pct_SCX_03a.31729.31729.2
GITEEC[+57]LK[+42]QPSLEQK	0.9914033854543202	20160929_QE1_nlc1_BTW_SA_hs_HELA_S_Exp3_0-01pct_SCX_01b.29297.29297.2
VAHALAEGLGVIA[+57]CIGEK[+42]	0.17152146498217072	20160929_QE1_nlc1_BTW_SA_hs_HELA_S_Exp3_0-1pct_SCX_03a.32569.32569.2
VFQFLNAK[+42]C[+57]ESAFLSK	0.9249523999535132	20160929_QE1_nlc1_BTW_SA_hs_HELA_S_Exp3_0-1pct_SCX_03a.32075.32075.2
VVAVDC[+57]GIK[+42]NNVIR	0.9294839230932748	20160929_QE1_nlc1_BTW_SA_hs_HELA_S_Exp3_0-01pct_SCX_01a.20663.20663.2
GVTIIGPATVGGIKPGCFK		20160929_QE1_nlc1_BTW_SA_hs_HELA_S_Exp3_1-0pct_SCX_02a.33485.33485.2
VTDDLVC[+57]LVYK[+42]TDQAQDVK	0.5303976460909635	20160929_QE1_nlc1_BTW_SA_hs_HELA_S_Exp3_0-1pct_SCX_01b.52505.52505.2
VIQGCGNPKVNPQGPGPEEK		20160929_QE1_nlc1_BTW_SA_hs_HELA_S_Exp3_0-01pct_SCX_01a.12221.12221.3
VDATADYIC[+57]K[+42]VK	0.9134425858872808	20160929_QE1_nlc1_BTW_SA_hs_HELA_S_Exp3_1-0pct_SCX_01a.20244.20244.2
FLGNAPC[+57]GHYTFK[+42]FPQAMR	0.9424652521949588	20160929_QE1_nlc1_BTW_SA_hs_HELA_S_Exp3_0-1pct_SCX_05a.33798.33798.3
SAEPAEALVLAC[+57]K[+42]R	0.9172307450106296	20160929_QE1_nlc1_BTW_SA_hs_HELA_S_Exp3_0-01pct_SCX_02a.24415.24415.2
AEVSELK[+42]C[+57]GDLEEELK	0.9294296891090605	20160929_QE1_nlc1_BTW_SA_hs_HELA_S_Exp3_0-01pct_SCX_01a.24850.24850.2
ANATVDGLEQGYVVC[+57]PSEK[+42]R	0.9185492409845796	20160929_QE1_nlc1_BTW_SA_hs_HELA_S_Exp3_0-1pct_SCX_01a.23194.23194.3
SMEQVCGGDKPYIAPSDLERK		20160929_QE1_nlc1_BTW_SA_hs_HELA_S_Exp3_1-0pct_SCX_02a.23774.23774.3
AEMDAAIASC[+57]K[+42]R	0.9010235346727758	20160929_QE1_nlc1_BTW_SA_hs_HELA_S_Exp3_0-01pct_SCX_01a.12516.12516.2
IGAFGYMEC[+57]SAK[+42]TK	0.9354187237024013	20160929_QE1_nlc1_BTW_SA_hs_HELA_S_Exp3_0-1pct_SCX_03a.21298.21298.2
SEALGVGDVK[+42]LPC[+57]EMDAQGPK	0.9268167634200489	20160929_QE1_nlc1_BTW_SA_hs_HELA_S_Exp3_0-01pct_SCX_01a.26670.26670.3
TVIGELPPASSGSALAANVC[+57]K[+42]K	0.9055199847602151	20160929_QE1_nlc1_BTW_SA_hs_HELA_S_Exp3_0-01pct_SCX_01a.24776.24776.3
AQLSGLQLQPC[+57]LYK[+42]R	0.34599270698266105	20160929_QE1_nlc1_BTW_SA_hs_HELA_S_Exp3_0-1pct_SCX_03a.27699.27699.2
SPPLPEHQK[+42]IPC[+57]NSAEPK	0.9382487987296251	20160929_QE1_nlc1_BTW_SA_hs_HELA_S_Exp3_0-1pct_SCX_03b.22437.22437.3
IAELLC[+57]K[+42]NDVTDGR	0.04226548483134436	20160929_QE1_nlc1_BTW_SA_hs_HELA_S_Exp3_0-01pct_SCX_01a.20364.20364.2
VTNEFVHINNLK[+42]LIC[+57]R	0.9969176405105338	20160929_QE1_nlc1_BTW_SA_hs_HELA_S_Exp3_0-1pct_SCX_05a.33033.33033.3
MDLGEC[+57]LK[+42]VHDLALR	0.9972902673985582	20160929_QE1_nlc1_BTW_SA_hs_HELA_S_Exp3_0-1pct_SCX_03a.30184.30184.3
APSGNEEPC[+57]LLK[+42]R	0.9262766960371493	20160929_QE1_nlc1_BTW_SA_hs_HELA_S_Exp3_0-01pct_SCX_02b.22121.22121.2
ETVSEESNVLC[+57]LSK[+42]SPNK	0.9198921230905333	20160929_QE1_nlc1_BTW_SA_hs_HELA_S_Exp3_0-01pct_SCX_01b.33513.33513.2
STSQSSESSVK[+42]FSC[+57]K	0.924716332516258	20160929_QE1_nlc1_BTW_SA_hs_HELA_S_Exp3_1-0pct_SCX_01a.10427.10427.2
SSDEAVILC[+57]K[+42]TAIGALK	0.11316222691696294	20160929_QE1_nlc1_BTW_SA_hs_HELA_S_Exp3_0-1pct_SCX_01a.31311.31311.3
LGNPTDRNVC[+57]FK[+42]	0.998749487003064	20160929_QE1_nlc1_BTW_SA_hs_HELA_S_Exp3_0-01pct_SCX_03a.16613.16613.2
LDSLPPVIK[+42]FC[+57]TSAADMK	0.9283846072631778	20160929_QE1_nlc1_BTW_SA_hs_HELA_S_Exp3_0-1pct_SCX_01a.31562.31562.3
SSVNC[+57]PFSSQDMK[+42]YPSPFFVFGEK	0.9771617393784157	20160929_QE1_nlc1_BTW_SA_hs_HELA_S_Exp3_1-0pct_SCX_01a.35636.35636.3
QVMVVPVGPTC[+57]DEYAQK[+42]VR	0.9366320433539486	20160929_QE1_nlc1_BTW_SA_hs_HELA_S_Exp3_0-01pct_SCX_01a.25098.25098.3
TIEEYAVC[+57]PDLK[+42]VDLGVLGK	0.9932431673335856	20160929_QE1_nlc1_BTW_SA_hs_HELA_S_Exp3_0-1pct_SCX_01a.32431.32431.3
ISAFGYLEC[+57]SAK[+42]TK	0.9258508023100455	20160929_QE1_nlc1_BTW_SA_hs_HELA_S_Exp3_0-01pct_SCX_03a.26728.26728.2
GCGVVKFESPEVAER		20160929_QE1_nlc1_BTW_SA_hs_HELA_S_Exp3_1-0pct_SCX_01a.21904.21904.2
AAAGEFADDPC[+57]SSVK[+42]R	0.9348244263130602	20160929_QE1_nlc1_BTW_SA_hs_HELA_S_Exp3_0-01pct_SCX_01b.21647.21647.2
SGKPILEGAALDEALK[+42]TC[+57]K	0.9050816303994023	20160929_QE1_nlc1_BTW_SA_hs_HELA_S_Exp3_0-1pct_SCX_03a.26739.26739.3
DRTSGNVEDDLIIFPDDCEFK		20160929_QE1_nlc1_BTW_SA_hs_HELA_S_Exp3_1-0pct_SCX_01a.35073.35073.3
SMEQVCGGDKPYIAPSDLER		20160929_QE1_nlc1_BTW_SA_hs_HELA_S_Exp3_1-0pct_SCX_01b.31787.31787.3
IPTPLNTSGVQVIC[+57]MK[+42]GK	0.919365268930309	20160929_QE1_nlc1_BTW_SA_hs_HELA_S_Exp3_0-1pct_SCX_03a.28780.28780.2
FGEVVDC[+57]TIK[+42]TDPVTGR	0.9405579474840147	20160929_QE1_nlc1_BTW_SA_hs_HELA_S_Exp3_0-1pct_SCX_01a.24250.24250.2
ALMGLYHGQVLC[+57]K[+42]K	0.936786610865909	20160929_QE1_nlc1_BTW_SA_hs_HELA_S_Exp3_0-01pct_SCX_05b.37138.37138.3
IVADQLC[+57]AK[+42]YSK	0.9214213695460753	20160929_QE1_nlc1_BTW_SA_hs_HELA_S_Exp3_0-01pct_SCX_01b.26256.26256.2
VFEHDSVELNC[+42]KM[+57]K	0.5126036275441942	20160929_QE1_nlc1_BTW_SA_hs_HELA_S_Exp3_0-1pct_SCX_03b.27457.27457.3
TSVPAPLNSC[+57]LLK[+42]VGSK	0.9456545007298659	20160929_QE1_nlc1_BTW_SA_hs_HELA_S_Exp3_0-01pct_SCX_01a.27122.27122.2
NALIHK[+42]SSVNC[+57]PFSSQDMK	0.901311957010354	20160929_QE1_nlc1_BTW_SA_hs_HELA_S_Exp3_0-01pct_SCX_05b.32415.32415.3
NVNLVLLC[+57]SEK[+42]PSK	0.9113340975023956	20160929_QE1_nlc1_BTW_SA_hs_HELA_S_Exp3_0-01pct_SCX_01a.24759.24759.2
VTLLDASEYEC[+57]EVEK[+42]HGR	0.041597317631360695	20160929_QE1_nlc1_BTW_SA_hs_HELA_S_Exp3_0-1pct_SCX_03a.26694.26694.3
TSACFEPSLDYMVTK		20160929_QE1_nlc1_BTW_SA_hs_HELA_S_Exp3_1-0pct_SCX_01a.29336.29336.2
FVEK[+42]C[+57]SPIGVYTSGK	0.0021252927006589527	20160929_QE1_nlc1_BTW_SA_hs_HELA_S_Exp3_0-01pct_SCX_01a.20647.20647.2
ICQFKLVLLGESAVGK		20160929_QE1_nlc1_BTW_SA_hs_HELA_S_Exp3_0-1pct_SCX_03a.33108.33108.2
I[+57]QQESGCK[+42]IQIAPDSGGLPER	0.824104082228894	20160929_QE1_nlc1_BTW_SA_hs_HELA_S_Exp3_0-01pct_SCX_01a.21092.21092.3
AGKLCVPAMNVNDSVTK		20160929_QE1_nlc1_BTW_SA_hs_HELA_S_Exp3_0-01pct_SCX_01b.36798.36798.2
VGVGTCGIADKPMTQYQDTSK		20160929_QE1_nlc1_BTW_SA_hs_HELA_S_Exp3_0-1pct_SCX_01a.21845.21845.3
DVLFLK[+42]DC[+57]VGPEVEK	0.9317705536183245	20160929_QE1_nlc1_BTW_SA_hs_HELA_S_Exp3_1-0pct_SCX_01a.32392.32392.2
LGDVISIQPC[+57]PDVK[+42]YGK	0.028233397882422302	20160929_QE1_nlc1_BTW_SA_hs_HELA_S_Exp3_1-0pct_SCX_01a.27450.27450.2
VLSLNFSEC[+57]HTK[+42]IR	0.9167895999086998	20160929_QE1_nlc1_BTW_SA_hs_HELA_S_Exp3_0-01pct_SCX_05a.24920.24920.3
ILDILGETC[+57]K[+42]SEPVK	0.9100064750759373	20160929_QE1_nlc1_BTW_SA_hs_HELA_S_Exp3_0-01pct_SCX_01a.25552.25552.2
VPYC[+57]VK[+42]FNPDEDK	0.9940242648798848	20160929_QE1_nlc1_BTW_SA_hs_HELA_S_Exp3_0-1pct_SCX_01a.21031.21031.2
ATEGMVVADK[+42]NC[+57]SK	0.9176712605433806	20160929_QE1_nlc1_BTW_SA_hs_HELA_S_Exp3_0-01pct_SCX_01a.9504.9504.2
AAVPSIK[+42]FC[+57]LDNGAK	0.9960914953049449	20160929_QE1_nlc1_BTW_SA_hs_HELA_S_Exp3_1-0pct_SCX_01a.28005.28005.2
VAASPEDIK[+42]LC[+57]R	0.9255438581170019	20160929_QE1_nlc1_BTW_SA_hs_HELA_S_Exp3_0-1pct_SCX_02a.22103.22103.2
FGEVVDC[+57]TIK[+42]MDPNTGR	0.9123731277935172	20160929_QE1_nlc1_BTW_SA_hs_HELA_S_Exp3_1-0pct_SCX_01b.31384.31384.2
FGEVVDC[+57]TLK[+42]LDPITGR	0.9307500830657711	20160929_QE1_nlc1_BTW_SA_hs_HELA_S_Exp3_1-0pct_SCX_02b.53706.53706.2
LLGGFQETC[+57]SK[+42]AIR	0.36939800815900137	20160929_QE1_nlc1_BTW_SA_hs_HELA_S_Exp3_0-1pct_SCX_03b.34035.34035.2
ILALDC[+57]GLK[+42]YNQIR	0.9231693000648808	20160929_QE1_nlc1_BTW_SA_hs_HELA_S_Exp3_0-1pct_SCX_03a.27863.27863.2
LLGHEVEDVIIK[+42]C[+57]QLPK	0.8700840729970546	20160929_QE1_nlc1_BTW_SA_hs_HELA_S_Exp3_0-1pct_SCX_03b.52327.52327.3
TGTLTTNQMS[+42]VC[+57]R	0.8806245973254747	20160929_QE1_nlc1_BTW_SA_hs_HELA_S_Exp3_1-0pct_SCX_02b.21700.21700.2
LVSLGTC[+57]FGK[+42]FTK	0.9955805076063051	20160929_QE1_nlc1_BTW_SA_hs_HELA_S_Exp3_0-1pct_SCX_03b.47248.47248.2
ASENPVLQNIQADPTIVC[+57]TSFK[+42]K	0.9312982078570993	20160929_QE1_nlc1_BTW_SA_hs_HELA_S_Exp3_0-1pct_SCX_01a.31045.31045.3
QIPYTMMK[+42]FAC[+57]FER	0.9361469902915687	20160929_QE1_nlc1_BTW_SA_hs_HELA_S_Exp3_0-1pct_SCX_03a.32392.32392.2
HEELMLGDPC[+57]LK[+42]DLK	0.9076279196867059	20160929_QE1_nlc1_BTW_SA_hs_HELA_S_Exp3_1-0pct_SCX_02b.44968.44968.3
ALWC[+57]SEDK[+42]QILSADDK	0.9361117191905952	20160929_QE1_nlc1_BTW_SA_hs_HELA_S_Exp3_0-01pct_SCX_01a.25397.25397.2
IALSPITK[+42]LSVC[+57]K	0.9304744293618454	20160929_QE1_nlc1_BTW_SA_hs_HELA_S_Exp3_0-01pct_SCX_02a.29052.29052.2
SINNDTTYC[+57]IK[+42]K	0.9059297009791468	20160929_QE1_nlc1_BTW_SA_hs_HELA_S_Exp3_0-01pct_SCX_01a.12458.12458.2
TPDAVELC[+57]K[+42]K	0.03200016994476624	20160929_QE1_nlc1_BTW_SA_hs_HELA_S_Exp3_0-01pct_SCX_01a.11568.11568.2
INSITVDNC[+57]K[+42]K	0.9053547035749326	20160929_QE1_nlc1_BTW_SA_hs_HELA_S_Exp3_0-1pct_SCX_02a.13709.13709.2
HIAVFPC[+42]K[+57]IK	0.03115951750618393	20160929_QE1_nlc1_BTW_SA_hs_HELA_S_Exp3_0-01pct_SCX_05a.20671.20671.2
VFTASCD[+57]K[+42]TAK	0.011817333547572589	20160929_QE1_nlc1_BTW_SA_hs_HELA_S_Exp3_0-1pct_SCX_01a.8619.8619.2
LLEK[+42]C[+57]AMTALSSK	0.918931842967691	20160929_QE1_nlc1_BTW_SA_hs_HELA_S_Exp3_0-01pct_SCX_02b.32914.32914.2
VPTTLAEYC[+57]IK[+42]TK	0.037807620353171784	20160929_QE1_nlc1_BTW_SA_hs_HELA_S_Exp3_0-01pct_SCX_02a.21867.21867.2
TAVVMK[+42]TC[+57]QEEK	0.9222514138009779	20160929_QE1_nlc1_BTW_SA_hs_HELA_S_Exp3_0-01pct_SCX_01a.8310.8310.2
YGYEIPVDMLC[+57]K[+42]R	0.9183517438409394	20160929_QE1_nlc1_BTW_SA_hs_HELA_S_Exp3_1-0pct_SCX_02a.33493.33493.2
QGQGQLVTC[+57]SGAFK[+42]EGSLR	0.9330473627578976	20160929_QE1_nlc1_BTW_SA_hs_HELA_S_Exp3_0-1pct_SCX_02a.26619.26619.3
LQGLVLK[+42]C[+57]LAEQQK	0.9179720438170857	20160929_QE1_nlc1_BTW_SA_hs_HELA_S_Exp3_0-1pct_SCX_03a.29435.29435.2
EAEEMC[+57]SK[+42]FTR	0.1160183478919535	20160929_QE1_nlc1_BTW_SA_hs_HELA_S_Exp3_0-01pct_SCX_01b.22060.22060.2
VC[+57]GDSDK[+42]GFVVINQK	0.28532418977111107	20160929_QE1_nlc1_BTW_SA_hs_HELA_S_Exp3_0-01pct_SCX_01a.18436.18436.2
ITNSLTVLC[+57]SEK[+42]QK	0.9277139669604209	20160929_QE1_nlc1_BTW_SA_hs_HELA_S_Exp3_0-01pct_SCX_02b.30192.30192.2
LEQQC[+57]QK[+42]QQEQADSLER	0.8618939156722258	20160929_QE1_nlc1_BTW_SA_hs_HELA_S_Exp3_0-01pct_SCX_01a.10154.10154.3
ALEEAGFK[+42]MPC[+57]QLHQVIVAR	0.9969441387957925	20160929_QE1_nlc1_BTW_SA_hs_HELA_S_Exp3_1-0pct_SCX_03a.31216.31216.3
AFGPGLEPT[+57]GCIVDK[+42]PAEFTIDAR	0.0014241331937091	20160929_QE1_nlc1_BTW_SA_hs_HELA_S_Exp3_1-0pct_SCX_01b.41105.41105.3
C[+57]EK[+42]GTTAVLTEK	0.8344343715175179	20160929_QE1_nlc1_BTW_SA_hs_HELA_S_Exp3_0-01pct_SCX_01b.15680.15680.2
DVTLQK[+42]QC[+57]VPFR	0.9946215438012309	20160929_QE1_nlc1_BTW_SA_hs_HELA_S_Exp3_0-01pct_SCX_01b.35321.35321.2
LLPDDPYEK[+42]AC[+57]QK	0.9316150059431141	20160929_QE1_nlc1_BTW_SA_hs_HELA_S_Exp3_0-01pct_SCX_01b.27443.27443.3
QLSESQVK[+42]SLC[+57]EK	0.9185511235073539	20160929_QE1_nlc1_BTW_SA_hs_HELA_S_Exp3_0-1pct_SCX_01a.17153.17153.2
QDLADVVQVCEGKK		20160929_QE1_nlc1_BTW_SA_hs_HELA_S_Exp3_0-01pct_SCX_01b.32942.32942.2
AEC[+57]LEK[+42]FPVIQHFK	0.06842422664706777	20160929_QE1_nlc1_BTW_SA_hs_HELA_S_Exp3_0-1pct_SCX_03b.46492.46492.3
AAC[+57]HLK[+42]LEDYDK	0.9064143099483856	20160929_QE1_nlc1_BTW_SA_hs_HELA_S_Exp3_0-1pct_SCX_03a.14667.14667.2
TSAVPSPCGK[+99]YYTLNGSK	0.9189542026633176	20160929_QE1_nlc1_BTW_SA_hs_HELA_S_Exp3_0-01pct_SCX_01a.19808.19808.2
VCQEKQVDYEINAHK		20160929_QE1_nlc1_BTW_SA_hs_HELA_S_Exp3_0-01pct_SCX_02a.15489.15489.3
YPSIIVNC[+57]VEEK[+42]PK	0.9269962246093133	20160929_QE1_nlc1_BTW_SA_hs_HELA_S_Exp3_0-1pct_SCX_02a.29839.29839.2
NADGTIC[+57]YDSTHYK[+42]	0.9244703666704468	20160929_QE1_nlc1_BTW_SA_hs_HELA_S_Exp3_1-0pct_SCX_01a.17125.17125.2
ILK[+42]C[+57]AGNEDIITLR	0.9344201934543559	20160929_QE1_nlc1_BTW_SA_hs_HELA_S_Exp3_0-01pct_SCX_02a.24926.24926.2
FLTFK[+42]DC[+57]DPGEVNK	0.9302689316777066	20160929_QE1_nlc1_BTW_SA_hs_HELA_S_Exp3_0-01pct_SCX_01a.22065.22065.2
QGRPVVIC[+57]DK[+42]EDTETIK	0.8942781679528989	20160929_QE1_nlc1_BTW_SA_hs_HELA_S_Exp3_0-01pct_SCX_03a.16513.16513.3
LAYHPLK[+42]MQSC[+57]YEK	0.011998378047578218	20160929_QE1_nlc1_BTW_SA_hs_HELA_S_Exp3_0-01pct_SCX_05a.19488.19488.3
NIAC[+57]SGK[+42]FSSDR	0.862311903640891	20160929_QE1_nlc1_BTW_SA_hs_HELA_S_Exp3_0-1pct_SCX_03b.16536.16536.2
LHIVQVVC[+57]K[+42]K	0.031456965401263325	20160929_QE1_nlc1_BTW_SA_hs_HELA_S_Exp3_0-01pct_SCX_05a.17691.17691.2
TSSDPTC[+57]VEK[+42]EK	0.9323627400612543	20160929_QE1_nlc1_BTW_SA_hs_HELA_S_Exp3_1-0pct_SCX_01a.6991.6991.2
EIELGNEDYC[+57]IK[+42]R	0.9151701648059348	20160929_QE1_nlc1_BTW_SA_hs_HELA_S_Exp3_0-01pct_SCX_01a.21097.21097.2
VIVC[+57]NTK[+42]LDNNWGR	0.9747090215510578	20160929_QE1_nlc1_BTW_SA_hs_HELA_S_Exp3_0-01pct_SCX_02a.21708.21708.2
VAASIGNAQK[+42]LPMC[+57]DK	0.9182879348490157	20160929_QE1_nlc1_BTW_SA_hs_HELA_S_Exp3_1-0pct_SCX_01b.25002.25002.2
IVEDEPNK[+42]IC[+57]EADR	0.9258557534323956	20160929_QE1_nlc1_BTW_SA_hs_HELA_S_Exp3_0-01pct_SCX_01a.13674.13674.2
LC[+57]EK[+42]VFDPQNDKPSK	0.8124603100268364	20160929_QE1_nlc1_BTW_SA_hs_HELA_S_Exp3_0-1pct_SCX_03a.15925.15925.3
VFSANSTAAC[+57]TELAK[+42]R	0.9316923378989469	20160929_QE1_nlc1_BTW_SA_hs_HELA_S_Exp3_0-01pct_SCX_03a.18246.18246.2
FMC[+57]GEK[+42]QFSEER	0.9199305993479009	20160929_QE1_nlc1_BTW_SA_hs_HELA_S_Exp3_0-01pct_SCX_02a.16007.16007.2
TATAVAHC[+57]K[+42]R	0.9343990479299794	20160929_QE1_nlc1_BTW_SA_hs_HELA_S_Exp3_0-01pct_SCX_05a.2811.2811.2
DVIEEYFK[+42]C[+57]K	0.1111113133672275	20160929_QE1_nlc1_BTW_SA_hs_HELA_S_Exp3_0-01pct_SCX_01b.41554.41554.2
TGYSFVNC[+57]K[+42]K	0.8921538063715809	20160929_QE1_nlc1_BTW_SA_hs_HELA_S_Exp3_0-01pct_SCX_03a.14124.14124.2
VLPGSSVLFLC[+57]DMQEK[+42]FR	0.9259517751479277	20160929_QE1_nlc1_BTW_SA_hs_HELA_S_Exp3_0-1pct_SCX_03a.33726.33726.2
VMSQNFTNC[+57]HTK[+42]IR	0.9497623509066341	20160929_QE1_nlc1_BTW_SA_hs_HELA_S_Exp3_0-01pct_SCX_05a.14232.14232.3
EMQDLSEFC[+57]SDK[+42]PK	0.9227217716190464	20160929_QE1_nlc1_BTW_SA_hs_HELA_S_Exp3_0-01pct_SCX_01a.20598.20598.2
QAQYLGMSCD[+57]GPFK[+42]PDHYRY	0.8067717777636448	20160929_QE1_nlc1_BTW_SA_hs_HELA_S_Exp3_0-1pct_SCX_03a.26932.26932.3
ILRPGGCLFLKEPVETAVDNNSK		20160929_QE1_nlc1_BTW_SA_hs_HELA_S_Exp3_0-01pct_SCX_05b.48423.48423.3
FTFIEK[+42]C[+57]NNPR	0.9314856832203608	20160929_QE1_nlc1_BTW_SA_hs_HELA_S_Exp3_0-01pct_SCX_03a.20688.20688.2
DAEALFK[+42]C[+57]FR	0.8952534715719795	20160929_QE1_nlc1_BTW_SA_hs_HELA_S_Exp3_0-01pct_SCX_01a.28037.28037.2
LQDTSSYAK[+42]ILTC[+57]PK	0.9292329576570243	20160929_QE1_nlc1_BTW_SA_hs_HELA_S_Exp3_0-01pct_SCX_01a.22919.22919.2
DCEIKQPVFGANYIK		20160929_QE1_nlc1_BTW_SA_hs_HELA_S_Exp3_0-01pct_SCX_01a.25477.25477.2
AHIAQLC[+57]E[+42]KAGLLQR	0.017006244521489383	20160929_QE1_nlc1_BTW_SA_hs_HELA_S_Exp3_0-1pct_SCX_05a.27099.27099.2
VASGSTATAAAGPSCALKAGK		20160929_QE1_nlc1_BTW_SA_hs_HELA_S_Exp3_0-1pct_SCX_01a.14209.14209.2
ATNDSVVADKSCEK		20160929_QE1_nlc1_BTW_SA_hs_HELA_S_Exp3_0-01pct_SCX_01a.7019.7019.2
LEAMK[+42]LNEC[+57]VDHTPK	0.9467282467993245	20160929_QE1_nlc1_BTW_SA_hs_HELA_S_Exp3_0-01pct_SCX_02a.18297.18297.3
SVELEDVK[+42]FHQC[+57]VR	0.9781742721514336	20160929_QE1_nlc1_BTW_SA_hs_HELA_S_Exp3_0-1pct_SCX_03b.33253.33253.3
LHCLKLQPLSPVPSDIEISR		20160929_QE1_nlc1_BTW_SA_hs_HELA_S_Exp3_0-01pct_SCX_05b.48812.48812.3
VASVEMVK[+42]YHHC[+57]R	0.9404506095556667	20160929_QE1_nlc1_BTW_SA_hs_HELA_S_Exp3_0-1pct_SCX_05a.13682.13682.3
EDAMAMVDHC[+57]LK[+42]K	0.012050139864629777	20160929_QE1_nlc1_BTW_SA_hs_HELA_S_Exp3_1-0pct_SCX_02b.37211.37211.2
IQDEK[+42]ALC[+57]EGEIIDK	0.8137885072115937	20160929_QE1_nlc1_BTW_SA_hs_HELA_S_Exp3_0-01pct_SCX_01a.20069.20069.2
TLAGSCGK[+99]FAPFEIK	0.6644781245526249	20160929_QE1_nlc1_BTW_SA_hs_HELA_S_Exp3_0-01pct_SCX_02a.29684.29684.2
GVNC[+57]IDYYSGGDK[+42]PYLISGADDRLVK	0.9431118043798642	20160929_QE1_nlc1_BTW_SA_hs_HELA_S_Exp3_1-0pct_SCX_02b.50987.50987.3
QSSC[+57]GK[+42]FQTK	0.9257222122560083	20160929_QE1_nlc1_BTW_SA_hs_HELA_S_Exp3_0-1pct_SCX_02a.7710.7710.2
QVQSLTCEVDALKGTNESLER		20160929_QE1_nlc1_BTW_SA_hs_HELA_S_Exp3_0-1pct_SCX_01b.50497.50497.3
TGQYSGIYDCAKK		20160929_QE1_nlc1_BTW_SA_hs_HELA_S_Exp3_0-1pct_SCX_01b.23053.23053.2
EIENYPTC[+57]YK[+42]K	0.9041643967938062	20160929_QE1_nlc1_BTW_SA_hs_HELA_S_Exp3_0-1pct_SCX_01b.22930.22930.2
FQGIKHECQANGPEDLNR		20160929_QE1_nlc1_BTW_SA_hs_HELA_S_Exp3_0-1pct_SCX_03a.14512.14512.3
YSLDPENPTK[+42]SC[+57]K	0.9240905854763766	20160929_QE1_nlc1_BTW_SA_hs_HELA_S_Exp3_0-1pct_SCX_01a.16013.16013.2
LLSIVNVC[+57]K[+42]AGK	0.9032496084688348	20160929_QE1_nlc1_BTW_SA_hs_HELA_S_Exp3_0-01pct_SCX_03a.23909.23909.2
FSAEFVDFTSQC[+57]LKK[+42]	0.8777178816078581	20160929_QE1_nlc1_BTW_SA_hs_HELA_S_Exp3_1-0pct_SCX_02b.52949.52949.2
MLVIEQC[+57]K[+42]NSR	0.9011859178868817	20160929_QE1_nlc1_BTW_SA_hs_HELA_S_Exp3_0-1pct_SCX_03a.15174.15174.2
FHVC[+57]K[+42]SFVK	0.8609535942489235	20160929_QE1_nlc1_BTW_SA_hs_HELA_S_Exp3_0-1pct_SCX_05a.19424.19424.2
FINYVK[+42]NC[+57]FR	0.9181718449176061	20160929_QE1_nlc1_BTW_SA_hs_HELA_S_Exp3_0-01pct_SCX_05a.26795.26795.2
ANYQADLANITC[+57]EIAIK[+42]QK	0.8941991639624595	20160929_QE1_nlc1_BTW_SA_hs_HELA_S_Exp3_0-1pct_SCX_01a.31548.31548.3
VPFLVLEC[+57]PNLK[+42]LK	0.9871583418073395	20160929_QE1_nlc1_BTW_SA_hs_HELA_S_Exp3_0-01pct_SCX_05a.33743.33743.2
VPVYC[+57]TK[+42]TGVK	0.9021980454930374	20160929_QE1_nlc1_BTW_SA_hs_HELA_S_Exp3_0-01pct_SCX_02a.11917.11917.2
AEEDVEPEC[+57]IMEK[+42]VAK	0.9305329029567966	20160929_QE1_nlc1_BTW_SA_hs_HELA_S_Exp3_0-01pct_SCX_01a.28341.28341.2
LQEYK[+42]DTC[+57]TAAYR	0.9188965510056324	20160929_QE1_nlc1_BTW_SA_hs_HELA_S_Exp3_0-01pct_SCX_01a.12747.12747.2
TTKIPCDSPQSDPVDTPTSTK		20160929_QE1_nlc1_BTW_SA_hs_HELA_S_Exp3_0-01pct_SCX_01a.14909.14909.3
TSFPEDTVITYK[+42]C[+57]EESFVK	0.9225326239168398	20160929_QE1_nlc1_BTW_SA_hs_HELA_S_Exp3_0-1pct_SCX_01b.51950.51950.3
LLYEALVDC[+57]K[+42]K	0.8915880480529743	20160929_QE1_nlc1_BTW_SA_hs_HELA_S_Exp3_1-0pct_SCX_02b.42572.42572.2
NSPPNSLTPCLKIR		20160929_QE1_nlc1_BTW_SA_hs_HELA_S_Exp3_0-01pct_SCX_03a.23441.23441.2
TGEK[+42]VC[+57]ALGGSK	0.9217862206070093	20160929_QE1_nlc1_BTW_SA_hs_HELA_S_Exp3_0-01pct_SCX_01b.12554.12554.2
TIIPLIS[+42]QC[+57]TPK	0.9170339050783435	20160929_QE1_nlc1_BTW_SA_hs_HELA_S_Exp3_1-0pct_SCX_03b.44390.44390.2
GNSPPSSGEAC[+57]REEK[+42]	0.00492937909276861	20160929_QE1_nlc1_BTW_SA_hs_HELA_S_Exp3_0-01pct_SCX_02a.4832.4832.2
DEASVYK[+42]IC[+57]R	0.8962514104509866	20160929_QE1_nlc1_BTW_SA_hs_HELA_S_Exp3_0-1pct_SCX_01a.15764.15764.2
LFGEK[+42]SC[+57]DFLSSFR	0.9130371582890303	20160929_QE1_nlc1_BTW_SA_hs_HELA_S_Exp3_0-1pct_SCX_03a.33567.33567.2
NQALFPAC[+57]VLK[+42]NAELK	0.9013567306901747	20160929_QE1_nlc1_BTW_SA_hs_HELA_S_Exp3_0-01pct_SCX_01a.30837.30837.2
FVALENISCKIK		20160929_QE1_nlc1_BTW_SA_hs_HELA_S_Exp3_0-1pct_SCX_03b.45351.45351.2
IQESYGDVYGICTKLK		20160929_QE1_nlc1_BTW_SA_hs_HELA_S_Exp3_0-01pct_SCX_01a.25531.25531.2
LC[+57]EK[+42]MAQFDAK	0.9869730972460764	20160929_QE1_nlc1_BTW_SA_hs_HELA_S_Exp3_0-01pct_SCX_02b.25216.25216.2
GNEFEDYC[+57]LK[+42]R	0.89579774093926	20160929_QE1_nlc1_BTW_SA_hs_HELA_S_Exp3_0-01pct_SCX_01b.30757.30757.2
IMEK[+42]C[+57]TLPLTGK	0.9214202677234669	20160929_QE1_nlc1_BTW_SA_hs_HELA_S_Exp3_0-01pct_SCX_01a.19458.19458.2
GEGTEEAEC[+57]K[+42]K	0.01124900677327071	20160929_QE1_nlc1_BTW_SA_hs_HELA_S_Exp3_1-0pct_SCX_01b.4591.4591.2
RSIQFVDWC[+57]PTGFK[+42]	0.9984475655723642	20160929_QE1_nlc1_BTW_SA_hs_HELA_S_Exp3_1-0pct_SCX_04a.32423.32423.2
TGSNIDC[+57]EK[+42]LR	0.8911669084721361	20160929_QE1_nlc1_BTW_SA_hs_HELA_S_Exp3_0-01pct_SCX_01a.9960.9960.2
FFSDC[+57]K[+42]IQNGAQGIR	0.9041863209262965	20160929_QE1_nlc1_BTW_SA_hs_HELA_S_Exp3_0-01pct_SCX_03a.21911.21911.2
EDVK[+42]SC[+57]AEWVSLSK	0.9129572832704316	20160929_QE1_nlc1_BTW_SA_hs_HELA_S_Exp3_0-01pct_SCX_01b.37305.37305.2
YLAADK[+42]DGNVTC[+57]ER	0.9343757204562989	20160929_QE1_nlc1_BTW_SA_hs_HELA_S_Exp3_0-01pct_SCX_01a.11362.11362.2
LSQSPDSNLC[+57]DK[+42]AK	0.9184420130690105	20160929_QE1_nlc1_BTW_SA_hs_HELA_S_Exp3_0-01pct_SCX_01a.10634.10634.2
DIVENICGREK		20160929_QE1_nlc1_BTW_SA_hs_HELA_S_Exp3_1-0pct_SCX_01a.19014.19014.2
VTILC[+57]DK[+42]FSGHPK	0.09928865899529986	20160929_QE1_nlc1_BTW_SA_hs_HELA_S_Exp3_0-01pct_SCX_05a.21337.21337.3
NSVTGGTAAFEPSVDYC[+57]VVK[+42]IPR	0.9238219116351916	20160929_QE1_nlc1_BTW_SA_hs_HELA_S_Exp3_0-1pct_SCX_01a.30614.30614.3
LPPYLIFCIKR		20160929_QE1_nlc1_BTW_SA_hs_HELA_S_Exp3_0-01pct_SCX_05b.51247.51247.2
ADTLTPEEC[+57]QQFK[+42]K	0.9246895410197163	20160929_QE1_nlc1_BTW_SA_hs_HELA_S_Exp3_0-1pct_SCX_01a.16651.16651.2
GLGVSALC[+57]FK[+42]SR	0.8787385255768367	20160929_QE1_nlc1_BTW_SA_hs_HELA_S_Exp3_0-01pct_SCX_05a.26150.26150.2
VEEIAASK[+42]C[+57]R	0.013989272579229526	20160929_QE1_nlc1_BTW_SA_hs_HELA_S_Exp3_0-1pct_SCX_01a.9018.9018.2
IYGFYDEC[+57]K[+42]R	0.9043951558216019	20160929_QE1_nlc1_BTW_SA_hs_HELA_S_Exp3_1-0pct_SCX_02b.32803.32803.2
AKPEGALQNNDGLYDPDCDESGLFK		20160929_QE1_nlc1_BTW_SA_hs_HELA_S_Exp3_1-0pct_SCX_01b.36446.36446.3
QTEALK[+42]C[+57]VAQASK	0.9110041944058714	20160929_QE1_nlc1_BTW_SA_hs_HELA_S_Exp3_0-01pct_SCX_01a.12711.12711.2
TSAPITC[+57]ELLNK[+42]QVK	0.921143687890829	20160929_QE1_nlc1_BTW_SA_hs_HELA_S_Exp3_0-1pct_SCX_01a.25159.25159.2
VEESC[+57]AIK[+42]NNK	0.904976058373616	20160929_QE1_nlc1_BTW_SA_hs_HELA_S_Exp3_0-01pct_SCX_01a.5335.5335.2
RTIQFVDWC[+57]PTGFK[+42]	0.9998157778223918	20160929_QE1_nlc1_BTW_SA_hs_HELA_S_Exp3_0-1pct_SCX_05a.34977.34977.2
DQLPADEC[+57]NK[+42]LK	0.9096701104978905	20160929_QE1_nlc1_BTW_SA_hs_HELA_S_Exp3_0-01pct_SCX_01a.13809.13809.2
GFSIPEC[+57]QK[+42]LLPK	0.9257333245045251	20160929_QE1_nlc1_BTW_SA_hs_HELA_S_Exp3_0-01pct_SCX_01b.45485.45485.2
LVVVLC[+57]NLK[+42]PQK	0.9994538917888212	20160929_QE1_nlc1_BTW_SA_hs_HELA_S_Exp3_0-1pct_SCX_03b.43355.43355.2
GLGDC[+57]LVK[+42]IYK	0.9908918300038979	20160929_QE1_nlc1_BTW_SA_hs_HELA_S_Exp3_0-01pct_SCX_01a.25370.25370.2
HELQANC[+57]YEEVK[+42]DR	0.9029853747811616	20160929_QE1_nlc1_BTW_SA_hs_HELA_S_Exp3_0-1pct_SCX_03a.13483.13483.2
ETIGVGSYSECKR		20160929_QE1_nlc1_BTW_SA_hs_HELA_S_Exp3_0-01pct_SCX_02a.14274.14274.2
TLLAK[+42]AIANEC[+57]QANFISIK	0.8963350846561242	20160929_QE1_nlc1_BTW_SA_hs_HELA_S_Exp3_0-1pct_SCX_03b.51592.51592.3
GPFVEAEVPDVDLEC[+57]PDAK[+42]LK	0.991509434166015	20160929_QE1_nlc1_BTW_SA_hs_HELA_S_Exp3_1-0pct_SCX_01b.40211.40211.3
TYDATTHFETTCDDIK		20160929_QE1_nlc1_BTW_SA_hs_HELA_S_Exp3_0-1pct_SCX_01b.32420.32420.2
IAPQYYDMSNFPQC[+57]EAK[+42]R	0.9201165631170559	20160929_QE1_nlc1_BTW_SA_hs_HELA_S_Exp3_0-1pct_SCX_01a.24907.24907.3
IVYPTEK[+42]VNC[+57]LDK	0.9947455698712511	20160929_QE1_nlc1_BTW_SA_hs_HELA_S_Exp3_0-01pct_SCX_01a.21193.21193.2
DFC[+57]NDK[+42]SYISEETR	0.9884669939837718	20160929_QE1_nlc1_BTW_SA_hs_HELA_S_Exp3_0-01pct_SCX_01a.19937.19937.2
NFLYAWCGK[+99]R	0.8589913464271532	20160929_QE1_nlc1_BTW_SA_hs_HELA_S_Exp3_0-01pct_SCX_05b.42263.42263.2
GDSSGDPC[+57]TDLFK[+42]R	0.926354544652745	20160929_QE1_nlc1_BTW_SA_hs_HELA_S_Exp3_0-01pct_SCX_01b.28094.28094.2
IIEK[+42]AC[+57]PSSDK	0.9275515501783262	20160929_QE1_nlc1_BTW_SA_hs_HELA_S_Exp3_0-01pct_SCX_01b.9836.9836.2
NNLASC[+57]YLK[+42]QGK	0.9032537461187272	20160929_QE1_nlc1_BTW_SA_hs_HELA_S_Exp3_0-01pct_SCX_03a.16983.16983.2
SKLTFSC[+57]LGGSDNFK[+42]	0.9850842612737505	20160929_QE1_nlc1_BTW_SA_hs_HELA_S_Exp3_0-1pct_SCX_05a.28649.28649.2
TESTLK[+42]TTQFSC[+57]TLGEK	0.9357161307739202	20160929_QE1_nlc1_BTW_SA_hs_HELA_S_Exp3_0-01pct_SCX_01a.20566.20566.2
QISKCLGLTEAQTR		20160929_QE1_nlc1_BTW_SA_hs_HELA_S_Exp3_0-01pct_SCX_02a.18812.18812.2
GLC[+57]EK[+42]PLASAAAK	0.936065730623021	20160929_QE1_nlc1_BTW_SA_hs_HELA_S_Exp3_0-01pct_SCX_01b.21805.21805.2
NDQELISDPLQQCFKK		20160929_QE1_nlc1_BTW_SA_hs_HELA_S_Exp3_0-01pct_SCX_01a.26495.26495.2
IGSC[+57]MK[+42]SVGEVMGIGR	0.5064323197180811	20160929_QE1_nlc1_BTW_SA_hs_HELA_S_Exp3_0-1pct_SCX_03a.27658.27658.2
IAAELK[+42]C[+57]HPTDER	0.9155643621334987	20160929_QE1_nlc1_BTW_SA_hs_HELA_S_Exp3_0-01pct_SCX_03a.10464.10464.3
HYGEHVC[+57]TAK[+42]LPK	0.9313077366691762	20160929_QE1_nlc1_BTW_SA_hs_HELA_S_Exp3_0-1pct_SCX_05a.13041.13041.3
TVGIHPTC[+57]SEEVVK[+42]LR	0.9336871979448772	20160929_QE1_nlc1_BTW_SA_hs_HELA_S_Exp3_0-1pct_SCX_03a.19802.19802.3
GRLPLLAVC[+57]DYK[+42]	0.929777446831182	20160929_QE1_nlc1_BTW_SA_hs_HELA_S_Exp3_1-0pct_SCX_05a.33685.33685.2
NTEDLQC[+57]YVK[+42]PTK	0.893118103151981	20160929_QE1_nlc1_BTW_SA_hs_HELA_S_Exp3_0-01pct_SCX_01b.26913.26913.2
EVLTEDK[+42]C[+57]LQR	0.058849104970907666	20160929_QE1_nlc1_BTW_SA_hs_HELA_S_Exp3_0-01pct_SCX_01a.13274.13274.2
GNVK[+42]QC[+57]EINYVK	0.9036209223437527	20160929_QE1_nlc1_BTW_SA_hs_HELA_S_Exp3_0-01pct_SCX_02a.14933.14933.2
C[+57]PYK[+42]DTLGPMQK	0.9905188606816545	20160929_QE1_nlc1_BTW_SA_hs_HELA_S_Exp3_0-01pct_SCX_01a.15208.15208.2
VIDVTVPLQC[+57]LVK[+42]DSK	0.9942742773317809	20160929_QE1_nlc1_BTW_SA_hs_HELA_S_Exp3_0-1pct_SCX_01a.31815.31815.3
ITESDLSQLTASIRAPSGNEEPC[+57]LLK[+42]	0.11321919085892582	20160929_QE1_nlc1_BTW_SA_hs_HELA_S_Exp3_0-1pct_SCX_01a.32057.32057.3
VGQYLNC[+57]IVEK[+42]VK	0.9146556386539492	20160929_QE1_nlc1_BTW_SA_hs_HELA_S_Exp3_0-1pct_SCX_03a.30045.30045.2
AAQLGFK[+42]TVC[+57]IEK	0.9927030948588118	20160929_QE1_nlc1_BTW_SA_hs_HELA_S_Exp3_0-1pct_SCX_01b.39545.39545.2
SPFEVK[+42]VGTECGNQK[+57]	0.9891503907070586	20160929_QE1_nlc1_BTW_SA_hs_HELA_S_Exp3_0-01pct_SCX_02a.17393.17393.2
SSPVEFEC[+57]INEK[+42]K	0.9197022020528484	20160929_QE1_nlc1_BTW_SA_hs_HELA_S_Exp3_0-01pct_SCX_02b.28280.28280.2
CVYYRKPLLESGTLGTK		20160929_QE1_nlc1_BTW_SA_hs_HELA_S_Exp3_0-01pct_SCX_05a.25238.25238.3
NGFVVLK[+42]GRPC[+57]K	0.9336751067725946	20160929_QE1_nlc1_BTW_SA_hs_HELA_S_Exp3_0-01pct_SCX_05a.17469.17469.2
LTVLPDEIC[+57]NLK[+42]K	0.9112161883066573	20160929_QE1_nlc1_BTW_SA_hs_HELA_S_Exp3_0-01pct_SCX_01b.45955.45955.2
VEEC[+57]TLK[+42]VQDGK	0.9237649718203385	20160929_QE1_nlc1_BTW_SA_hs_HELA_S_Exp3_0-1pct_SCX_01a.11291.11291.2
FFTQPEK[+42]DFC[+57]NDK	0.9132575249059562	20160929_QE1_nlc1_BTW_SA_hs_HELA_S_Exp3_0-01pct_SCX_01a.19907.19907.2
FNNYVDC[+57]MK[+42]K	0.8800476392704278	20160929_QE1_nlc1_BTW_SA_hs_HELA_S_Exp3_1-0pct_SCX_02b.27664.27664.2
GLATFC[+57]LDK[+42]EALK	0.9180887272070637	20160929_QE1_nlc1_BTW_SA_hs_HELA_S_Exp3_0-01pct_SCX_02b.42534.42534.2
SAFLC[+57]GVMK[+42]TYR	0.9194787000747158	20160929_QE1_nlc1_BTW_SA_hs_HELA_S_Exp3_0-01pct_SCX_05a.28307.28307.2
TSGIINK[+42]FC[+57]SAK	0.8788221382965744	20160929_QE1_nlc1_BTW_SA_hs_HELA_S_Exp3_0-01pct_SCX_03a.21861.21861.2
TTVEDFC[+57]MK[+42]IHK	0.9421001208176422	20160929_QE1_nlc1_BTW_SA_hs_HELA_S_Exp3_0-1pct_SCX_03a.21301.21301.3
TTTC[+57]SK[+42]LAYYYQR	0.911176641764577	20160929_QE1_nlc1_BTW_SA_hs_HELA_S_Exp3_0-1pct_SCX_03a.21299.21299.2
TTLLKMADCGGLPQISQPAK		20160929_QE1_nlc1_BTW_SA_hs_HELA_S_Exp3_0-1pct_SCX_01a.30150.30150.3
EVLQEC[+57]K[+42]TVALK	0.9257695784320749	20160929_QE1_nlc1_BTW_SA_hs_HELA_S_Exp3_0-01pct_SCX_01a.16893.16893.2
VWNLANC[+57]K[+42]LK	0.8935433920840326	20160929_QE1_nlc1_BTW_SA_hs_HELA_S_Exp3_0-01pct_SCX_03a.23179.23179.2
ISFVDC[+57]SK[+42]IK	0.7259201033068086	20160929_QE1_nlc1_BTW_SA_hs_HELA_S_Exp3_0-01pct_SCX_02a.20206.20206.2
AYHLQK[+42]STC[+57]GK	0.9210074896480196	20160929_QE1_nlc1_BTW_SA_hs_HELA_S_Exp3_0-1pct_SCX_05a.7507.7507.2
YLRDVNC[+57]PFK[+42]	0.9999976311468949	20160929_QE1_nlc1_BTW_SA_hs_HELA_S_Exp3_0-1pct_SCX_03b.28371.28371.2
QTNFMTK[+42]LGSISC[+57]K	0.9253564186995505	20160929_QE1_nlc1_BTW_SA_hs_HELA_S_Exp3_0-1pct_SCX_03a.29623.29623.2
LTSLYAEHPGDCLIFKATSPSGSK		20160929_QE1_nlc1_BTW_SA_hs_HELA_S_Exp3_0-1pct_SCX_03a.29150.29150.3
YQELTQECDEKK		20160929_QE1_nlc1_BTW_SA_hs_HELA_S_Exp3_0-01pct_SCX_01a.8652.8652.2
IVIQKYHTVNGHNCEVR		20160929_QE1_nlc1_BTW_SA_hs_HELA_S_Exp3_0-1pct_SCX_05a.16004.16004.3
SFDVNKPGCEVDDLK		20160929_QE1_nlc1_BTW_SA_hs_HELA_S_Exp3_1-0pct_SCX_01a.23184.23184.2
DHC[+57]VAHK[+42]LFNNLK	0.9895930619129378	20160929_QE1_nlc1_BTW_SA_hs_HELA_S_Exp3_0-1pct_SCX_05a.24985.24985.3
QTALYTLK[+42]LLC[+57]K	0.9050023830744102	20160929_QE1_nlc1_BTW_SA_hs_HELA_S_Exp3_0-1pct_SCX_03a.31328.31328.2
TC[+57]NC[+42]ETEDYGEK	0.9776640935503523	20160929_QE1_nlc1_BTW_SA_hs_HELA_S_Exp3_1-0pct_SCX_01a.7735.7735.2
GSSDFC[+57]VK[+42]NIK	0.9934319818018061	20160929_QE1_nlc1_BTW_SA_hs_HELA_S_Exp3_0-01pct_SCX_01b.25141.25141.2
ALC[+57]TGEK[+42]GFGYK	0.9083533933257993	20160929_QE1_nlc1_BTW_SA_hs_HELA_S_Exp3_0-01pct_SCX_02b.23302.23302.2
LGSISCKSLK		20160929_QE1_nlc1_BTW_SA_hs_HELA_S_Exp3_0-1pct_SCX_03a.13108.13108.2
SESALSC[+57]LSK[+42]QK	0.9023402818283748	20160929_QE1_nlc1_BTW_SA_hs_HELA_S_Exp3_0-01pct_SCX_02a.14194.14194.2
VLC[+99]KFSLFTAVHK	0.7269019665478056	20160929_QE1_nlc1_BTW_SA_hs_HELA_S_Exp3_0-1pct_SCX_05a.34065.34065.3
RAPSVANVGSHC[+57]DLSLK[+42]	0.9259926204047622	20160929_QE1_nlc1_BTW_SA_hs_HELA_S_Exp3_0-1pct_SCX_05a.20934.20934.3
QEVC[+57]QSYK[+42]SLYGK	0.9149748165525107	20160929_QE1_nlc1_BTW_SA_hs_HELA_S_Exp3_0-01pct_SCX_01a.16813.16813.2
TLTVEGC[+57]EYK[+42]K	0.8909115949461847	20160929_QE1_nlc1_BTW_SA_hs_HELA_S_Exp3_0-01pct_SCX_01a.12546.12546.2
AEQFYCGDTEGKK		20160929_QE1_nlc1_BTW_SA_hs_HELA_S_Exp3_0-01pct_SCX_01a.10317.10317.2
IYSLK[+42]IEC[+57]GPK	0.9036154420141821	20160929_QE1_nlc1_BTW_SA_hs_HELA_S_Exp3_0-1pct_SCX_01b.33786.33786.2
GIIEK[+42]SC[+57]QGPR	0.8960300950211423	20160929_QE1_nlc1_BTW_SA_hs_HELA_S_Exp3_0-01pct_SCX_02a.10710.10710.2
VELAEIC[+57]AK[+42]SER	0.9030299467650567	20160929_QE1_nlc1_BTW_SA_hs_HELA_S_Exp3_0-01pct_SCX_02a.19012.19012.2
LVDC[+57]K[+42]VSAQK	0.6707629268763923	20160929_QE1_nlc1_BTW_SA_hs_HELA_S_Exp3_0-1pct_SCX_01a.8366.8366.2
ITEVSC[+57]K[+42]SPQPESFK	0.5003748480990063	20160929_QE1_nlc1_BTW_SA_hs_HELA_S_Exp3_0-01pct_SCX_01a.15056.15056.2
AAYLSDPRAPPCEYK		20160929_QE1_nlc1_BTW_SA_hs_HELA_S_Exp3_0-01pct_SCX_01a.18160.18160.2
LLSLLPLSC[+57]QK[+42]R	0.9097761015039254	20160929_QE1_nlc1_BTW_SA_hs_HELA_S_Exp3_0-01pct_SCX_05a.31343.31343.2
IVNTPQGC[+57]LWYK[+42]K	0.6458953937366055	20160929_QE1_nlc1_BTW_SA_hs_HELA_S_Exp3_0-1pct_SCX_03a.22311.22311.2
GLGDC[+57]LVK[+42]ITK	0.9365936102847958	20160929_QE1_nlc1_BTW_SA_hs_HELA_S_Exp3_0-01pct_SCX_01a.22885.22885.2
IIAQC[+57]LNK[+42]MPPGEIK	0.941974678318545	20160929_QE1_nlc1_BTW_SA_hs_HELA_S_Exp3_0-01pct_SCX_02a.22976.22976.2
LQQSSHGYSC[+57]SEK[+42]LSK	0.913302777757133	20160929_QE1_nlc1_BTW_SA_hs_HELA_S_Exp3_0-01pct_SCX_05a.8741.8741.3
WC[+57]K[+42]FDDDVVSR	0.9643201414662328	20160929_QE1_nlc1_BTW_SA_hs_HELA_S_Exp3_1-0pct_SCX_02b.36050.36050.2
VIC[+57]K[+42]YFVEGR	0.9024866038766123	20160929_QE1_nlc1_BTW_SA_hs_HELA_S_Exp3_0-01pct_SCX_03a.20693.20693.2
FLGNAPCGHYTFK		20160929_QE1_nlc1_BTW_SA_hs_HELA_S_Exp3_1-0pct_SCX_05a.27326.27326.2
ALATPPK[+42]LHTC[+57]EK	0.9289301907152333	20160929_QE1_nlc1_BTW_SA_hs_HELA_S_Exp3_0-1pct_SCX_04b.18732.18732.2
LTSLYAEHPGDC[+57]LIFK[+42]	0.8900076630947495	20160929_QE1_nlc1_BTW_SA_hs_HELA_S_Exp3_1-0pct_SCX_02a.33238.33238.2
DHASNIYK[+42]VEGGC[+57]ITK	0.09643328936565507	20160929_QE1_nlc1_BTW_SA_hs_HELA_S_Exp3_0-1pct_SCX_03a.16082.16082.3
GAADAC[+57]TTEK[+42]SNK	0.9213682793335775	20160929_QE1_nlc1_BTW_SA_hs_HELA_S_Exp3_0-01pct_SCX_01a.2767.2767.2
YSFGATC[+57]VK[+42]K	0.9039368429950049	20160929_QE1_nlc1_BTW_SA_hs_HELA_S_Exp3_0-01pct_SCX_03b.21231.21231.2
TPIK[+42]LQC[+57]FALDPVTSAK	0.005151472135839466	20160929_QE1_nlc1_BTW_SA_hs_HELA_S_Exp3_0-01pct_SCX_01a.30219.30219.3
TTHYTPLAC[+57]GSNPLK[+42]R	0.9180234851960393	20160929_QE1_nlc1_BTW_SA_hs_HELA_S_Exp3_0-1pct_SCX_05a.20593.20593.3
ALANEC[+57]SQGDK[+42]R	0.9021071497957507	20160929_QE1_nlc1_BTW_SA_hs_HELA_S_Exp3_0-01pct_SCX_02a.4140.4140.2
HPNNLK[+42]VAC[+57]EK	0.9129923375435918	20160929_QE1_nlc1_BTW_SA_hs_HELA_S_Exp3_0-01pct_SCX_05b.8801.8801.2
EDIGVGSYSVCKR		20160929_QE1_nlc1_BTW_SA_hs_HELA_S_Exp3_0-01pct_SCX_01b.27908.27908.2
ELAYTVC[+57]QEVK[+42]K	0.8812225695605983	20160929_QE1_nlc1_BTW_SA_hs_HELA_S_Exp3_0-01pct_SCX_02a.17899.17899.2
TVK[+42]NC[+57]LALADDK	0.9237087664939229	20160929_QE1_nlc1_BTW_SA_hs_HELA_S_Exp3_0-01pct_SCX_01b.24119.24119.2
GEALYGYC[+57]NLK[+42]DK	0.8948840145818012	20160929_QE1_nlc1_BTW_SA_hs_HELA_S_Exp3_0-01pct_SCX_01a.18870.18870.2
QNVAYEYLC[+57]HLEEAK[+42]R	0.035678122087246585	20160929_QE1_nlc1_BTW_SA_hs_HELA_S_Exp3_0-1pct_SCX_03b.50967.50967.3
SNEDGSFTICHKTEVVK		20160929_QE1_nlc1_BTW_SA_hs_HELA_S_Exp3_0-01pct_SCX_02a.17939.17939.3
GVIEC[+57]LK[+42]IVTR	0.9987921286700199	20160929_QE1_nlc1_BTW_SA_hs_HELA_S_Exp3_0-1pct_SCX_03a.28158.28158.2
ELYEYC[+57]IK[+42]EGYADK	0.9009698417641673	20160929_QE1_nlc1_BTW_SA_hs_HELA_S_Exp3_0-01pct_SCX_01a.21879.21879.2
QWCNCAFLESSAK		20160929_QE1_nlc1_BTW_SA_hs_HELA_S_Exp3_1-0pct_SCX_02a.15330.15330.2
VC[+57]VK[+42]FIQGNQK	0.9005374367960144	20160929_QE1_nlc1_BTW_SA_hs_HELA_S_Exp3_0-1pct_SCX_03b.26025.26025.2
EKLCYVGYNIEQEQK		20160929_QE1_nlc1_BTW_SA_hs_HELA_S_Exp3_0-01pct_SCX_01a.21660.21660.3
TIVK[+42]C[+57]AVNQR	0.7777777777777778	20160929_QE1_nlc1_BTW_SA_hs_HELA_S_Exp3_0-01pct_SCX_03a.9091.9091.2
ALANEC[+57]SQGDK[+42]K	0.8930991263408727	20160929_QE1_nlc1_BTW_SA_hs_HELA_S_Exp3_0-01pct_SCX_01a.3545.3545.2
REDCSPADKPYIDEAR		20160929_QE1_nlc1_BTW_SA_hs_HELA_S_Exp3_1-0pct_SCX_02b.23856.23856.3
EEVEQMK[+42]SC[+57]LR	0.8777013509143912	20160929_QE1_nlc1_BTW_SA_hs_HELA_S_Exp3_0-01pct_SCX_01b.26561.26561.2
GCMEEKPQEVQTSR		20160929_QE1_nlc1_BTW_SA_hs_HELA_S_Exp3_1-0pct_SCX_01b.15209.15209.2
ETIAK[+42]C[+57]IADLK	0.9313458205517418	20160929_QE1_nlc1_BTW_SA_hs_HELA_S_Exp3_0-01pct_SCX_01b.36546.36546.2
SLEK[+42]VC[+57]ADLIR	0.9130106531033053	20160929_QE1_nlc1_BTW_SA_hs_HELA_S_Exp3_0-01pct_SCX_02a.23901.23901.2
DLELTQC[+57]YK[+42]QIK	0.8936442300000811	20160929_QE1_nlc1_BTW_SA_hs_HELA_S_Exp3_0-01pct_SCX_01a.22189.22189.2
AAPQPSVSC[+57]VYK[+42]R	0.021006878942218032	20160929_QE1_nlc1_BTW_SA_hs_HELA_S_Exp3_0-01pct_SCX_02a.14470.14470.2
TQARPVGVK[+42]IPTC[+57]K	0.9030679542939289	20160929_QE1_nlc1_BTW_SA_hs_HELA_S_Exp3_0-01pct_SCX_05a.14737.14737.3
IEAAC[+57]FATIK[+42]DGK	0.9702781057818445	20160929_QE1_nlc1_BTW_SA_hs_HELA_S_Exp3_0-1pct_SCX_02a.26854.26854.2
LEILC[+57]K[+42]ALQR	0.9225102581045773	20160929_QE1_nlc1_BTW_SA_hs_HELA_S_Exp3_0-1pct_SCX_03a.26563.26563.2
GDIEK[+42]C[+57]LTAIVK	0.9080522713553187	20160929_QE1_nlc1_BTW_SA_hs_HELA_S_Exp3_0-01pct_SCX_01a.27117.27117.2
NC[+57]LEK[+42]AVAALDGAK	0.8345265039908963	20160929_QE1_nlc1_BTW_SA_hs_HELA_S_Exp3_0-01pct_SCX_02a.31172.31172.2
DPSQIDNNEPYMK[+42]IPC[+57]NDSK	0.016555027049203527	20160929_QE1_nlc1_BTW_SA_hs_HELA_S_Exp3_0-01pct_SCX_01a.21179.21179.3
YTGEDLTC[+57]TVK[+42]NLK	0.9074877669185056	20160929_QE1_nlc1_BTW_SA_hs_HELA_S_Exp3_0-01pct_SCX_01a.22589.22589.2
TLK[+42]NDC[+57]EENGLAK	0.911371731348339	20160929_QE1_nlc1_BTW_SA_hs_HELA_S_Exp3_0-01pct_SCX_01a.8714.8714.2
ELLYKFICTTSAIQNR		20160929_QE1_nlc1_BTW_SA_hs_HELA_S_Exp3_0-1pct_SCX_03b.51973.51973.3
QIC[+57]DK[+42]LAVEETK	0.9032014760331204	20160929_QE1_nlc1_BTW_SA_hs_HELA_S_Exp3_0-1pct_SCX_01b.28835.28835.2
EAVC[+57]EK[+42]LIFPER	0.9140216017940956	20160929_QE1_nlc1_BTW_SA_hs_HELA_S_Exp3_0-01pct_SCX_01a.24966.24966.2
GSNTTYK[+42]DC[+57]K	0.22214200556681252	20160929_QE1_nlc1_BTW_SA_hs_HELA_S_Exp3_0-01pct_SCX_01a.3354.3354.2
TSAVPS[+42]PC[+57]GK	0.44251196927680336	20160929_QE1_nlc1_BTW_SA_hs_HELA_S_Exp3_1-0pct_SCX_02a.6839.6839.2
LIEC[+57]GWK[+42]DQLK	0.1411792650815201	20160929_QE1_nlc1_BTW_SA_hs_HELA_S_Exp3_0-01pct_SCX_02a.22889.22889.2
ATCMKMGYEEVSQK		20160929_QE1_nlc1_BTW_SA_hs_HELA_S_Exp3_0-01pct_SCX_01a.15654.15654.2
GGDEVYLLC[+57]DK[+42]VQK	0.8798013770551054	20160929_QE1_nlc1_BTW_SA_hs_HELA_S_Exp3_0-01pct_SCX_01a.23525.23525.2
GLESTTLADK[+42]DGEIYC[+57]K	0.9107710172870118	20160929_QE1_nlc1_BTW_SA_hs_HELA_S_Exp3_0-01pct_SCX_01a.20802.20802.2
GQEVC[+99]VKIEPIPGESPK	0.7721826984343485	20160929_QE1_nlc1_BTW_SA_hs_HELA_S_Exp3_0-1pct_SCX_01b.37598.37598.3
AAQIGAHTLSGAC[+57]LDPGAFK[+42]	0.9203195875154828	20160929_QE1_nlc1_BTW_SA_hs_HELA_S_Exp3_1-0pct_SCX_02b.46277.46277.3
VIPTEC[+57]AIK[+42]VFK	0.9117644866957842	20160929_QE1_nlc1_BTW_SA_hs_HELA_S_Exp3_0-01pct_SCX_02a.26696.26696.2
EFVFC[+57]NK[+42]TQSK	0.923273149162242	20160929_QE1_nlc1_BTW_SA_hs_HELA_S_Exp3_0-01pct_SCX_02a.17165.17165.2
LFDDC[+57]TQQYK[+42]AEK	0.9169012569819984	20160929_QE1_nlc1_BTW_SA_hs_HELA_S_Exp3_0-1pct_SCX_01a.17199.17199.2
GYDAPLC[+57]NLLLFK[+42]K	0.9256040920020454	20160929_QE1_nlc1_BTW_SA_hs_HELA_S_Exp3_1-0pct_SCX_02a.36145.36145.2
LFDDC[+57]TQQFK[+42]AEK	0.12263989808977896	20160929_QE1_nlc1_BTW_SA_hs_HELA_S_Exp3_1-0pct_SCX_01a.21351.21351.2
ENVSNC[+57]IQLK[+42]TSVIK	0.9105774929774237	20160929_QE1_nlc1_BTW_SA_hs_HELA_S_Exp3_0-01pct_SCX_01a.24235.24235.2
EALIAK[+42]C[+57]NDYR	0.8596076187130054	20160929_QE1_nlc1_BTW_SA_hs_HELA_S_Exp3_0-01pct_SCX_01b.22976.22976.2
NNQESDC[+57]VSK[+42]K	0.06419679605683663	20160929_QE1_nlc1_BTW_SA_hs_HELA_S_Exp3_1-0pct_SCX_01a.3967.3967.2
SVLLC[+57]K[+42]VVGAR	0.9061075810374674	20160929_QE1_nlc1_BTW_SA_hs_HELA_S_Exp3_0-01pct_SCX_05a.25281.25281.2
VSDGDWIC[+57]PDK[+42]K	0.9209125885916245	20160929_QE1_nlc1_BTW_SA_hs_HELA_S_Exp3_0-1pct_SCX_01a.18504.18504.2
