M,D,Q,C,L,H,S,R,A,W,Y,P,F,V,N,T,E,G,I,K
0.4410769362916829,0.004881646652286389,0.06131022717855515,0.0,7.748634959043932e-05,0.9279066082297229,2.046995316379121e-12,0.752515545996853,0.8555761540897562,0.0,0.0006331874913132854,0.13620938008806446,2.3322944078104952e-05,0.5625116835844912,1.3961616891253886e-09,0.04829378644239326,9.135024633103866e-09,0.007110606394693019,0.02803112178904167,1.8873126620837493e-18
0.41240678207883275,0.5701484202197815,0.29963553156704165,0.0,0.8219443060318429,0.32193156285808694,0.44297157231317386,0.47422386918976767,0.6435399786948841,0.0,0.3658732861195815,0.12369452809374457,0.4264141384742125,0.2903585340368925,0.9001449849282096,0.14230331319223785,0.7284323569582467,0.8184903645823436,0.12701174364881068,0.4594513375085064
0.0,3.113806153764084e-10,1.765516426312266e-08,0.0,2.9143597715025856e-16,9.988252018754512e-07,7.93791372794561e-05,4.069344688122921e-15,0.06460515040548424,0.0,1.3190330822943417e-32,0.06240082856393195,0.008712371102615033,6.72737682190401e-09,0.06692157774434662,0.020539995295927208,0.027528895748789722,0.2827703670029834,0.13145567597468644,0.49284573234783946
0.0,4.027114395965135e-22,0.389553123017932,0.0,4.52638035216464e-22,2.681635920057453e-39,1.2521168730519326e-33,0.8753642031865165,0.5970843331552846,0.0,2.0143968421470724e-06,4.574242790832802e-09,1.0850723507664595e-12,0.5987653652015901,0.0002968704835499416,0.000942655181286072,2.2266859266466126e-13,0.010978689873041111,4.717436925544251e-22,8.577289878394511e-37
0.0,3.958938380013661e-07,0.016783734462017478,0.0,0.9132422930042905,0.0,0.22036721617185157,0.0,2.1976035091704293e-05,0.0,1.1209100359693275e-05,3.2888623498356907e-07,3.1277927359630276e-18,2.605668625432948e-29,0.0025686126413325787,0.3113283952557719,0.9310420243562325,9.005577359741797e-06,1.2295935053532015e-19,2.3942593075002866e-16
