top isoform	localization score	spectrum
VGAGAPVYMAAVLEYLTAEILELAGNAAR		39CPTAC_COprospective_W_VU_20150909_09CO011_f06.40297.40297.2
A[+71]A[+28]ELIANSLATAGDGLIELR	0.8386459227671003	44CPTAC_COprospective_W_VU_20151202_20CO004_f04.37905.37905.2
V[+71]YA[+28]CEVTHQGLSSPVTK	0.8208985404475292	31CPTAC_COprospective_W_VU_20150810_11CO043_f06.20303.20303.2
MSSTFIGNSTAIQELFKR		66CPTAC_COprospective_W_VU_20160323_11CO045_f06.24606.24606.3
VLG[+71]A[+28]FSDGLAHLDNLK	0.7585715154263164	78CPTAC_COprospective_W_VU_20160915_11CO079_f06.28382.28382.3
G[+71]VD[+28]EVTIVNILTNR	0.9752919905671114	01CPTAC_COprospective_W_VU_20150901_01CO006_f03.35467.35467.2
KVLG[+131]A[-32]FSDGLAHLDNLK	0.21982113231717287	81CPTAC_COprospective_W_VU_20160915_11CO027_f06.31364.31364.3
A[+28]LAAAG[+71]YDVEKNNSR	0.35649343836366265	22CPTAC_COprospective_W_VU_20150202_05CO002_f01.16690.16690.2
A[+71]VFVD[+28]LEPTVIDEVR	0.9961852774222526	52CPTAC_COprospective_W_VU_20160223_11CO019_f06.39111.39111.2
FQSSAVM[+26]ALQEAC[+73]EAYLVGLFEDTNLCAIHAK	0.03864003945193039	32CPTAC_COprospective_W_VU_20150818_20CO007_f05.31927.31927.4
ESPLSLYNEELVSMNVQGDYEPTDATGFININSLR		54CPTAC_COprospective_W_VU_20160226_01CO019_f06.32333.32333.3
K[+71]VP[+28]QVSTPTLVEVSR	0.9999904722270694	43CPTAC_COprospective_W_VU_20151130_01CO022_f02.23066.23066.2
V[+71]P[+28]TANVSVVDLTCR	0.9622624975251673	44CPTAC_COprospective_W_VU_20151202_20CO004_f04.28171.28171.2
K[+71]SA[+28]PATGGVK	0.9894631634474991	20CPTAC_COprospective_W_VU_20151112_20CO001_f03.1926.1926.2
VVSSVLQLG[+71]N[+28]IVFK	0.9904788649335197	34CPTAC_COprospective_W_VU_20150824_11CO032_f02.34487.34487.2
V[+71]TIA[+28]QGGVLPNIQAVLLPK	0.5019448560352819	01CPTAC_COprospective_W_VU_20150901_01CO006_f04.37243.37243.2
Q[+71]LLQA[+28]NPILEAFGNAK	0.9044850296734303	34CPTAC_COprospective_W_VU_20150824_11CO032_f01.33166.33166.2
AIPDLTAPVAAVQAAVSNLVR		22CPTAC_COprospective_W_VU_20150202_05CO002_f02.36028.36028.2
KGGSYTQAASSDSAQGSDVSLTACK		01CPTAC_COprospective_W_VU_20150901_01CO006_f05.11910.11910.3
THTCPPCPAPELLGGPSVFLFPPKPK		41CPTAC_COprospective_W_VU_20151124_21CO006_f02.24897.24897.4
VVA[+28]G[+71]VANALAHKYH	0.8766480246163766	24CPTAC_COprospective_W_VU_20150215_01CO001_f03.23413.23413.2
L[+71]IYA[+28]ASSLQSGVPSR	0.7467647221888343	32CPTAC_COprospective_W_VU_20150818_20CO007_f02.15790.15790.2
N[+71]IE[+28]TIINTFHQYSVK	0.9999336291705945	28CPTAC_COprospective_W_VU_20150810_05CO037_f01.33818.33818.2
V[+71]A[+28]PEEHPTLLTEAPLNPK	0.9181852739139803	01CPTAC_COprospective_W_VU_20150901_01CO006_f05.26374.26374.3
A[+71]IM[+28]TYVSSFYHAFSGAQK	0.0023722610614811054	36CPTAC_COprospective_W_VU_20150824_11CO018_f06.23446.23446.3
VSANSVYGFTG[+71]AQVGK[+28]LPCLEISQSVTGFGR	0.9381622186796388	49CPTAC_COprospective_W_VU_20151222_11CO062_f04.24421.24421.4
VVA[+28]G[+71]VANALAHK	0.9679163622156097	22CPTAC_COprospective_W_VU_20150202_05CO002_f01.23913.23913.2
KSA[+28]PSTG[+71]GVK	0.8127992495098376	15CPTAC_COprospective_W_VU_20151102_09CO005_f03.1972.1972.2
I[+71]TP[+28]NLAEFAFSLYR	0.903221505887213	22CPTAC_COprospective_W_VU_20150202_05CO002_f01.35017.35017.2
AVLFC[+99]LSEDKK	0.9240165335136277	26CPTAC_COprospective_W_VU_20150810_05CO049_f05.32116.32116.2
K[+71]ISSIQSIVP[+28]ALEIANAHR	0.8720727216296542	24CPTAC_COprospective_W_VU_20150215_01CO001_f05.25433.25433.3
V[+71]A[+28]PEEHPVLLTEAPLNPK	0.9103264284562509	01CPTAC_COprospective_W_VU_20150901_01CO006_f06.27545.27545.3
A[+71]VFVD[+28]LEPTVIDEIR	0.977883397349635	43CPTAC_COprospective_W_VU_20151130_01CO022_f02.38896.38896.2
M[+73]QS[+26]TSNHLWLLSDILGQGATANVFR	0.6705162468550011	05CPTAC_COprospective_W_VU_20150915_05CO007_f04.32314.32314.3
GFSGLQGPPGPPGSPGEQGPSGASGPAGPR		76CPTAC_COprospective_W_VU_20160502_11CO039_f01.13043.13043.3
L[+71]VN[+28]SLYPDGSKPVK	0.9957718656898904	48CPTAC_COprospective_W_VU_20151209_15CO002_f05.25258.25258.2
V[+71]P[+28]QIAFVITGGK	0.9897713551217097	01CPTAC_COprospective_W_VU_20150901_01CO006_f01.38302.38302.2
A[+71]A[+28]AITSDILEALGR	0.9853572346355798	20CPTAC_COprospective_W_VU_20151112_20CO001_f02.38424.38424.2
V[+71]LQA[+28]TVVAVGSGSK	0.2009037375515945	22CPTAC_COprospective_W_VU_20150202_05CO002_f06.24707.24707.2
V[+71]N[+28]VDEVGGEALGR	0.9952508087670281	23CPTAC_COprospective_W_VU_20150215_01CO005_f06.18938.18938.2
A[+71]SQSVSSYLA[+28]WYQQKPGQAPR	0.9999924241656365	13CPTAC_COprospective_W_VU_20151030_06CO001_f06.19663.19663.3
L[+71]LQD[+28]SVDFSLADAINTEFK	0.9273555889581203	22CPTAC_COprospective_W_VU_20150202_05CO002_f01.34869.34869.2
G[+71]ILA[+28]ADESTGSIAK	0.4453128202698914	22CPTAC_COprospective_W_VU_20150202_05CO002_f02.22725.22725.2
L[+71]VA[+28]IVDVIDQNR	0.999643269007515	35CPTAC_COprospective_W_VU_20150901_16CO002_f03.39312.39312.2
HGN[+28]RGETG[+71]PSGPVGPAGAVGPR	0.0018056466480276293	55CPTAC_COprospective_W_VU_20160630_11CO005_f06.9212.9212.3
D[+71]VA[+28]SLSSQLQDTQELLQEETR	0.998732604075993	41CPTAC_COprospective_W_VU_20151124_21CO006_f05.32799.32799.3
NSSYFADWLPNNVK		31CPTAC_COprospective_W_VU_20150810_11CO043_f05.21513.21513.2
VFDE[+28]FK[+71]PLVEEPQNLIK	0.59050910782888	43CPTAC_COprospective_W_VU_20151130_01CO022_f01.32038.32038.3
L[+71]TLLA[+28]PLNSVFK	0.8952461810459442	74CPTAC_COprospective_W_VU_20160912_11CO008_f02.37535.37535.2
L[+71]VNE[+28]VTEFAK	0.01697997453167074	52CPTAC_COprospective_W_VU_20160223_11CO019_f02.33183.33183.2
APELLIYAASTLQSGVPSR		38CPTAC_COprospective_W_VU_20150904_11CO031_f05.33515.33515.2
VVLAYEPVWAIGTGK		24CPTAC_COprospective_W_VU_20150215_01CO001_f06.31845.31845.2
L[+71]TSFIGA[+28]IAIGDLVK	0.025675179731122877	22CPTAC_COprospective_W_VU_20150202_05CO002_f01.35209.35209.2
VVSVLTVVH[+28]QDWLNG[+71]K	0.9015645374312778	52CPTAC_COprospective_W_VU_20160223_11CO019_f01.30113.30113.3
V[+28]ISG[+71]VLQLGNIVFK	0.9936664962912014	74CPTAC_COprospective_W_VU_20160912_11CO008_f02.37495.37495.2
G[+71]TFA[+28]TLSELHCDK	0.4343828891801592	33CPTAC_COprospective_W_VU_20150818_11CO042_f02.21748.21748.2
AAAAAAAAAAAAAAAASAGGK		03CPTAC_COprospective_W_VU_20150624_05CO004_f06.17145.17145.3
L[+71]E[+28]FTAHVLSQKFEK	0.9971442617888703	35CPTAC_COprospective_W_VU_20150901_16CO002_f03.34373.34373.3
V[+71]N[+28]IVPVIAK	0.9947466704691209	04CPTAC_COprospective_W_VU_20150915_05CO006_f05.16573.16573.2
AEA[-32]ESM[+131]YQIKYEELQSLAGK	0.9464088424400359	63CPTAC_COprospective_W_VU_20160316_11CO020_f06.19509.19509.3
A[+71]LA[+28]AGGYDVEKNNSR	0.6474650292886258	26CPTAC_COprospective_W_VU_20150810_05CO049_f04.16641.16641.2
S[+71]VTE[+28]QGAELSNEER	0.9545266137954922	62CPTAC_COprospective_W_VU_20160311_05CO041_f05.11595.11595.2
L[+71]ISWYD[+28]NEFGYSNR	0.8709361348861858	37CPTAC_COprospective_W_VU_20150904_16CO006_f03.39409.39409.2
T[+28]DM[+71]FQTVDLFEGK	0.03724465786243424	15CPTAC_COprospective_W_VU_20151102_09CO005_f05.20752.20752.2
YICENQDSISSK		43CPTAC_COprospective_W_VU_20151130_01CO022_f05.20923.20923.2
LISQIVSSITASLR		22CPTAC_COprospective_W_VU_20150202_05CO002_f04.33750.33750.2
K[+71]E[+28]SYSVYVYK	1.0	28CPTAC_COprospective_W_VU_20150810_05CO037_f01.7917.7917.2
N[+71]PE[+28]AGVATTDLYGNCTLR	0.5487605892898	28CPTAC_COprospective_W_VU_20150810_05CO037_f01.9953.9953.2
L[+71]TVYTTLID[+28]VTK	1.0	35CPTAC_COprospective_W_VU_20150901_16CO002_f05.37691.37691.2
L[+71]D[+28]AFLVLEQLR	0.9845738932031451	33CPTAC_COprospective_W_VU_20150818_11CO042_f01.33539.33539.2
